Variant	KM_PRO	Kcat_PRO	EC_PRO	Km_PRA	Kcat_PRA	EC_PRA
2.1	3.04	0.76	0.25	216	0.067	0.0002319
2.2	4.6	0.0047	0.001	0	0	0.0001485
2.3	22	0.27	0.01	0	0	0
2.4	14.95	4.6	0.31	0	0	0
2.5	5.6	1.18	0.21	0	0	0.000138
3.1	7.2	3.5	0.5	0	0	0.00026
3.2	0	0	0	211.5	0.1485	0.00069
3.3	4.5	0.22	0.05	158.9	0.073	0.00046
3.4	6.2	0.415	0.07	246.5	0.0595	0.000255
3.5	3.5	0.52	0.15	128	0.066	0.00051
3.6	5.7	0.37	0.064	333	0.0845	0.00027
4.1	2.2	0.735	0.27	141	0.087	0.00062
4.2	18.4	0.14	0.0079	199	0.098	0.0005
4.3	21.47	0.03	0.0014	193	0.102	0.00053
4.4	16.8	0.125	0.0074	191	0.106	0.00055
4.5	0.6	0.013	0.02	75	0.04	0.00053
4.6	4.94	0.39	0.08	89	0.042	0.00047
4.7	17.2	0.42	0.02	101	0.05	0.00049
4.8	0.78	0.0078	0.01	184	0.156	0.00084
4.9	6.3	0.43	0.07	183	0.123	0.00067
4.10	0	0	0.00012	0	0	0.00036
4.11	5.8	0.0074	0.0013	302	0.1	0.00033
4.12	27.8	0.13	0.0046	136	0.064	0.00047
4.13	15.5	0.27	0.0174	132	0.084	0.00063
5.1	1.7	0.44	0.25	251	0.044	0.00017
5.2	2.005	0.7401502813	0.411163477	202	0.052	0.00025
5.3	6.1	0.11	0.018	359.3	0.059	0.00016
5.4	6.4	0.048	0.0075	437.4	0.044	0.0001
5.5	15.68	0.21	0.014	195	0.082	0.00042
5.6	10.54	0.05	0.0047	321	0.094	0.00029
5.7	9.03	0.35	0.038	227	0.1	0.00044
5.8	8.28	0.055	0.0066	289	0.076	0.00026
5.9	15.5	0.49	0.031	468	0.15	0.00032
5.10	10.9	0.55	0.05	626	0.18	0.00028
5.11	11.2	0.41	0.036	0	0	0.00008
5.12	5.3	0.28	0.052	0	0	0.00012
5.13	0.88	0.059	0.067	214.2	0.64	0.003
5.14	11.5	0.47	0.041	0	0	0.0002
5.15	0	0	0.00038	209	0.33	0.0016
5.16	0	0	0.00061	0	0	0
5.17	0	0	0	255	0.1	0.0004
5.18	20	0.3	0.015	0	0	0.000095
6.1	10.4	0.4	0.038	293.3	0.087	0.0003
6.2	7.4	0.27	0.036	135	0.067	0.0005
6.3	10.2	0.4	0.04	111.5	0.037	0.0003
6.4	3.6	0.3	0.08	123.8	0.068	0.0005
6.5	5.7	0.036	0.0064	140.2	0.057	0.0004
6.6	1.5	2	1.36	229	0.067	0.0003
6.7	8.5	0.042	0.0049	0	0	0.00013
6.8	4.8	0.095	0.02	0	0	0.000078
6.9	11.1	0.22	0.02	0	0	0.0001
6.10	8.5	0.54	0.064	0	0	0.0002
6.11	15.3	0.067	0.0044	0	0	0
6.12	7.6	0.33	0.043	0	0	0.00012
6.13	0	0	0.00034	237	0.11	0.00046
6.14	0	0	0.00017	205	0.26	0.0013
6.15	0	0	0.00023	266	0.19	0.00071
6.16	0	0	0.00017	203	0.18	0.00088
6.17	8.8	0.2	0.023	0	0	0
6.18	0	0	0	0	0	0.000075
7.1	2.9	0.1	0.035	233	0.049	0.00021
7.2	7.9	0.21	0.026	247	0.063	0.00025
7.3	4.5	0.3	0.066	294.4	0.08	0.00027
7.4	5.1	0.17	0.033	238.7	0.037	0.00015
7.5	6.05	0.34	0.056	415.7	0.082	0.00019
7.6	0	0	0.00036	551.6	0.2	0.00036
7.7	24	0.014	0.00062	0	0	0.00022
7.8	4.2	0.047	0.011	0	0	0.0000692
7.9	1.53	0.088	0.058	0	0	0.00037
7.10	11.7	0.18	0.015	0	0	0.00013
7.11	17.5	0.22	0.013	0	0	0.000063
7.12	19.2	0.033	0.0017	0	0	0.000051
7.13	0	0	0.00038	244	0.14	0.00057
7.14	5.3	0.03	0.0057	0	0	0.00027
8.1	0	0	0.00086	250	0.078	0.000315
8.2	0.8	0.0039	0.0049	143	0.1325	0.00092
8.3	0	0	0.00061	122	0.07	0.00057
8.4	43	0.028	0.00065	142	0.1228	0.00086
8.5	41.6	0.016	0.004	259	0.1742	0.00067
8.6	0	0	0.000052	184	0.1192	0.00065
8.7	26.6	0.0047	0.000178	128	0.059	0.00046
8.8	12.5	0.076	0.0068	175	0.054	0.0003
9.1	7.8	0.122	0.0156	196	0.92	0.0047
9.2	0	0	0.000025	220	0.37	0.0016
9.3	8.2	0.11	0.013	387	0.47	0.0012144703
9.4	35	0.065	0.0018	180	0.16	0.00088
10.1	9.9	0.3533333333	0.0360392042	50.39	0.0505	0.0009973458
10.2	0	0	0	110	0.47	0.0046
11.1	0	0	0.00042	0	0	0.0001537
