9.1	8.1	7.1	6.2	5.2	4.1	3.1	2.1
9.1	8.1	7.1	6.2	5.2	4.1	3.1	2.3
9.1	8.1	7.1	6.2	5.2	4.1	3.4	2.3
9.1	8.1	7.1	6.2	5.2	4.1	3.4	2.5
9.1	8.1	7.1	6.2	5.2	4.13	3.4	2.3
9.1	8.1	7.1	6.2	5.2	4.13	3.4	2.5
9.1	8.1	7.1	6.2	5.2	4.13	3.6	2.3
9.1	8.1	7.1	6.2	5.2	4.13	3.6	2.4
9.1	8.1	7.1	6.2	5.2	4.4	3.1	2.1
9.1	8.1	7.1	6.2	5.2	4.4	3.1	2.3
9.1	8.1	7.1	6.2	5.2	4.4	3.5	2.1
9.1	8.1	7.1	6.2	5.2	4.4	3.5	2.4
9.1	8.1	7.1	6.2	5.2	4.4	3.6	2.3
9.1	8.1	7.1	6.2	5.2	4.4	3.6	2.4
9.1	8.1	7.1	6.2	5.3	4.1	3.1	2.1
9.1	8.1	7.1	6.2	5.3	4.1	3.1	2.3
9.1	8.1	7.1	6.2	5.3	4.1	3.4	2.3
9.1	8.1	7.1	6.2	5.3	4.1	3.4	2.5
9.1	8.1	7.1	6.2	5.3	4.3	3.1	2.1
9.1	8.1	7.1	6.2	5.3	4.3	3.1	2.3
9.1	8.1	7.1	6.2	5.4	4.3	3.1	2.1
9.1	8.1	7.1	6.2	5.4	4.3	3.1	2.3
9.1	8.1	7.1	6.2	5.4	4.4	3.1	2.1
9.1	8.1	7.1	6.2	5.4	4.4	3.1	2.3
9.1	8.1	7.1	6.2	5.4	4.4	3.5	2.1
9.1	8.1	7.1	6.2	5.4	4.4	3.5	2.4
9.1	8.1	7.1	6.2	5.4	4.4	3.6	2.3
9.1	8.1	7.1	6.2	5.4	4.4	3.6	2.4
9.1	8.1	7.1	6.4	5.14	4.12	3.6	2.3
9.1	8.1	7.1	6.4	5.14	4.12	3.6	2.4
9.1	8.1	7.1	6.4	5.14	4.13	3.4	2.3
9.1	8.1	7.1	6.4	5.14	4.13	3.4	2.5
9.1	8.1	7.1	6.4	5.14	4.13	3.6	2.3
9.1	8.1	7.1	6.4	5.14	4.13	3.6	2.4
9.1	8.1	7.1	6.4	5.2	4.1	3.1	2.1
9.1	8.1	7.1	6.4	5.2	4.1	3.1	2.3
9.1	8.1	7.1	6.4	5.2	4.1	3.4	2.3
9.1	8.1	7.1	6.4	5.2	4.1	3.4	2.5
9.1	8.1	7.1	6.4	5.2	4.13	3.4	2.3
9.1	8.1	7.1	6.4	5.2	4.13	3.4	2.5
9.1	8.1	7.1	6.4	5.2	4.13	3.6	2.3
9.1	8.1	7.1	6.4	5.2	4.13	3.6	2.4
9.1	8.1	7.1	6.4	5.2	4.4	3.1	2.1
9.1	8.1	7.1	6.4	5.2	4.4	3.1	2.3
9.1	8.1	7.1	6.4	5.2	4.4	3.5	2.1
9.1	8.1	7.1	6.4	5.2	4.4	3.5	2.4
9.1	8.1	7.1	6.4	5.2	4.4	3.6	2.3
9.1	8.1	7.1	6.4	5.2	4.4	3.6	2.4
9.1	8.1	7.1	6.4	5.7	4.1	3.1	2.1
9.1	8.1	7.1	6.4	5.7	4.1	3.1	2.3
9.1	8.1	7.1	6.4	5.7	4.1	3.4	2.3
9.1	8.1	7.1	6.4	5.7	4.1	3.4	2.5
9.1	8.1	7.1	6.4	5.7	4.6	3.1	2.1
9.1	8.1	7.1	6.4	5.7	4.6	3.1	2.3
9.1	8.1	7.1	6.4	5.9	4.12	3.6	2.3
9.1	8.1	7.1	6.4	5.9	4.12	3.6	2.4
9.1	8.1	7.1	6.4	5.9	4.4	3.1	2.1
9.1	8.1	7.1	6.4	5.9	4.4	3.1	2.3
9.1	8.1	7.1	6.4	5.9	4.4	3.5	2.1
9.1	8.1	7.1	6.4	5.9	4.4	3.5	2.4
9.1	8.1	7.1	6.4	5.9	4.4	3.6	2.3
9.1	8.1	7.1	6.4	5.9	4.4	3.6	2.4
9.1	8.1	7.1	6.4	5.9	4.6	3.1	2.1
9.1	8.1	7.1	6.4	5.9	4.6	3.1	2.3
9.1	8.1	7.1	6.7	5.4	4.3	3.1	2.1
9.1	8.1	7.1	6.7	5.4	4.3	3.1	2.3
9.1	8.1	7.1	6.7	5.4	4.4	3.1	2.1
9.1	8.1	7.1	6.7	5.4	4.4	3.1	2.3
9.1	8.1	7.1	6.7	5.4	4.4	3.5	2.1
9.1	8.1	7.1	6.7	5.4	4.4	3.5	2.4
9.1	8.1	7.1	6.7	5.4	4.4	3.6	2.3
9.1	8.1	7.1	6.7	5.4	4.4	3.6	2.4
9.1	8.1	7.1	6.7	5.8	4.3	3.1	2.1
9.1	8.1	7.1	6.7	5.8	4.3	3.1	2.3
9.1	8.1	7.1	6.7	5.8	4.6	3.1	2.1
9.1	8.1	7.1	6.7	5.8	4.6	3.1	2.3
9.1	8.1	7.1	6.7	5.9	4.12	3.6	2.3
9.1	8.1	7.1	6.7	5.9	4.12	3.6	2.4
9.1	8.1	7.1	6.7	5.9	4.4	3.1	2.1
9.1	8.1	7.1	6.7	5.9	4.4	3.1	2.3
9.1	8.1	7.1	6.7	5.9	4.4	3.5	2.1
9.1	8.1	7.1	6.7	5.9	4.4	3.5	2.4
9.1	8.1	7.1	6.7	5.9	4.4	3.6	2.3
9.1	8.1	7.1	6.7	5.9	4.4	3.6	2.4
9.1	8.1	7.1	6.7	5.9	4.6	3.1	2.1
9.1	8.1	7.1	6.7	5.9	4.6	3.1	2.3
9.1	8.1	7.1	6.8	5.3	4.1	3.1	2.1
9.1	8.1	7.1	6.8	5.3	4.1	3.1	2.3
9.1	8.1	7.1	6.8	5.3	4.1	3.4	2.3
9.1	8.1	7.1	6.8	5.3	4.1	3.4	2.5
9.1	8.1	7.1	6.8	5.3	4.3	3.1	2.1
9.1	8.1	7.1	6.8	5.3	4.3	3.1	2.3
9.1	8.1	7.1	6.8	5.7	4.1	3.1	2.1
9.1	8.1	7.1	6.8	5.7	4.1	3.1	2.3
9.1	8.1	7.1	6.8	5.7	4.1	3.4	2.3
9.1	8.1	7.1	6.8	5.7	4.1	3.4	2.5
9.1	8.1	7.1	6.8	5.7	4.6	3.1	2.1
9.1	8.1	7.1	6.8	5.7	4.6	3.1	2.3
9.1	8.1	7.1	6.8	5.8	4.3	3.1	2.1
9.1	8.1	7.1	6.8	5.8	4.3	3.1	2.3
9.1	8.1	7.1	6.8	5.8	4.6	3.1	2.1
9.1	8.1	7.1	6.8	5.8	4.6	3.1	2.3
9.1	8.1	7.2	6.1	5.1	4.1	3.1	2.1
9.1	8.1	7.2	6.1	5.1	4.1	3.1	2.3
9.1	8.1	7.2	6.1	5.1	4.1	3.4	2.3
9.1	8.1	7.2	6.1	5.1	4.1	3.4	2.5
9.1	8.1	7.2	6.1	5.1	4.2	3.1	2.1
9.1	8.1	7.2	6.1	5.1	4.2	3.1	2.3
9.1	8.1	7.2	6.1	5.11	4.13	3.4	2.3
9.1	8.1	7.2	6.1	5.11	4.13	3.4	2.5
9.1	8.1	7.2	6.1	5.11	4.13	3.6	2.3
9.1	8.1	7.2	6.1	5.11	4.13	3.6	2.4
9.1	8.1	7.2	6.1	5.2	4.1	3.1	2.1
9.1	8.1	7.2	6.1	5.2	4.1	3.1	2.3
9.1	8.1	7.2	6.1	5.2	4.1	3.4	2.3
9.1	8.1	7.2	6.1	5.2	4.1	3.4	2.5
9.1	8.1	7.2	6.1	5.2	4.13	3.4	2.3
9.1	8.1	7.2	6.1	5.2	4.13	3.4	2.5
9.1	8.1	7.2	6.1	5.2	4.13	3.6	2.3
9.1	8.1	7.2	6.1	5.2	4.13	3.6	2.4
9.1	8.1	7.2	6.1	5.2	4.4	3.1	2.1
9.1	8.1	7.2	6.1	5.2	4.4	3.1	2.3
9.1	8.1	7.2	6.1	5.2	4.4	3.5	2.1
9.1	8.1	7.2	6.1	5.2	4.4	3.5	2.4
9.1	8.1	7.2	6.1	5.2	4.4	3.6	2.3
9.1	8.1	7.2	6.1	5.2	4.4	3.6	2.4
9.1	8.1	7.2	6.1	5.5	4.2	3.1	2.1
9.1	8.1	7.2	6.1	5.5	4.2	3.1	2.3
9.1	8.1	7.2	6.1	5.5	4.4	3.1	2.1
9.1	8.1	7.2	6.1	5.5	4.4	3.1	2.3
9.1	8.1	7.2	6.1	5.5	4.4	3.5	2.1
9.1	8.1	7.2	6.1	5.5	4.4	3.5	2.4
9.1	8.1	7.2	6.1	5.5	4.4	3.6	2.3
9.1	8.1	7.2	6.1	5.5	4.4	3.6	2.4
9.1	8.1	7.2	6.1	5.5	4.9	3.5	2.1
9.1	8.1	7.2	6.1	5.5	4.9	3.5	2.4
9.1	8.1	7.2	6.2	5.2	4.1	3.1	2.1
9.1	8.1	7.2	6.2	5.2	4.1	3.1	2.3
9.1	8.1	7.2	6.2	5.2	4.1	3.4	2.3
9.1	8.1	7.2	6.2	5.2	4.1	3.4	2.5
9.1	8.1	7.2	6.2	5.2	4.13	3.4	2.3
9.1	8.1	7.2	6.2	5.2	4.13	3.4	2.5
9.1	8.1	7.2	6.2	5.2	4.13	3.6	2.3
9.1	8.1	7.2	6.2	5.2	4.13	3.6	2.4
9.1	8.1	7.2	6.2	5.2	4.4	3.1	2.1
9.1	8.1	7.2	6.2	5.2	4.4	3.1	2.3
9.1	8.1	7.2	6.2	5.2	4.4	3.5	2.1
9.1	8.1	7.2	6.2	5.2	4.4	3.5	2.4
9.1	8.1	7.2	6.2	5.2	4.4	3.6	2.3
9.1	8.1	7.2	6.2	5.2	4.4	3.6	2.4
9.1	8.1	7.2	6.2	5.3	4.1	3.1	2.1
9.1	8.1	7.2	6.2	5.3	4.1	3.1	2.3
9.1	8.1	7.2	6.2	5.3	4.1	3.4	2.3
9.1	8.1	7.2	6.2	5.3	4.1	3.4	2.5
9.1	8.1	7.2	6.2	5.3	4.3	3.1	2.1
9.1	8.1	7.2	6.2	5.3	4.3	3.1	2.3
9.1	8.1	7.2	6.2	5.4	4.3	3.1	2.1
9.1	8.1	7.2	6.2	5.4	4.3	3.1	2.3
9.1	8.1	7.2	6.2	5.4	4.4	3.1	2.1
9.1	8.1	7.2	6.2	5.4	4.4	3.1	2.3
9.1	8.1	7.2	6.2	5.4	4.4	3.5	2.1
9.1	8.1	7.2	6.2	5.4	4.4	3.5	2.4
9.1	8.1	7.2	6.2	5.4	4.4	3.6	2.3
9.1	8.1	7.2	6.2	5.4	4.4	3.6	2.4
9.1	8.1	7.2	6.5	5.4	4.3	3.1	2.1
9.1	8.1	7.2	6.5	5.4	4.3	3.1	2.3
9.1	8.1	7.2	6.5	5.4	4.4	3.1	2.1
9.1	8.1	7.2	6.5	5.4	4.4	3.1	2.3
9.1	8.1	7.2	6.5	5.4	4.4	3.5	2.1
9.1	8.1	7.2	6.5	5.4	4.4	3.5	2.4
9.1	8.1	7.2	6.5	5.4	4.4	3.6	2.3
9.1	8.1	7.2	6.5	5.4	4.4	3.6	2.4
9.1	8.1	7.2	6.5	5.5	4.2	3.1	2.1
9.1	8.1	7.2	6.5	5.5	4.2	3.1	2.3
9.1	8.1	7.2	6.5	5.5	4.4	3.1	2.1
9.1	8.1	7.2	6.5	5.5	4.4	3.1	2.3
9.1	8.1	7.2	6.5	5.5	4.4	3.5	2.1
9.1	8.1	7.2	6.5	5.5	4.4	3.5	2.4
9.1	8.1	7.2	6.5	5.5	4.4	3.6	2.3
9.1	8.1	7.2	6.5	5.5	4.4	3.6	2.4
9.1	8.1	7.2	6.5	5.5	4.9	3.5	2.1
9.1	8.1	7.2	6.5	5.5	4.9	3.5	2.4
9.1	8.1	7.2	6.5	5.6	4.2	3.1	2.1
9.1	8.1	7.2	6.5	5.6	4.2	3.1	2.3
9.1	8.1	7.2	6.5	5.6	4.3	3.1	2.1
9.1	8.1	7.2	6.5	5.6	4.3	3.1	2.3
9.1	8.1	7.2	6.9	5.1	4.1	3.1	2.1
9.1	8.1	7.2	6.9	5.1	4.1	3.1	2.3
9.1	8.1	7.2	6.9	5.1	4.1	3.4	2.3
9.1	8.1	7.2	6.9	5.1	4.1	3.4	2.5
9.1	8.1	7.2	6.9	5.1	4.2	3.1	2.1
9.1	8.1	7.2	6.9	5.1	4.2	3.1	2.3
9.1	8.1	7.2	6.9	5.3	4.1	3.1	2.1
9.1	8.1	7.2	6.9	5.3	4.1	3.1	2.3
9.1	8.1	7.2	6.9	5.3	4.1	3.4	2.3
9.1	8.1	7.2	6.9	5.3	4.1	3.4	2.5
9.1	8.1	7.2	6.9	5.3	4.3	3.1	2.1
9.1	8.1	7.2	6.9	5.3	4.3	3.1	2.3
9.1	8.1	7.2	6.9	5.6	4.2	3.1	2.1
9.1	8.1	7.2	6.9	5.6	4.2	3.1	2.3
9.1	8.1	7.2	6.9	5.6	4.3	3.1	2.1
9.1	8.1	7.2	6.9	5.6	4.3	3.1	2.3
9.1	8.1	7.3	6.1	5.1	4.1	3.1	2.1
9.1	8.1	7.3	6.1	5.1	4.1	3.1	2.3
9.1	8.1	7.3	6.1	5.1	4.1	3.4	2.3
9.1	8.1	7.3	6.1	5.1	4.1	3.4	2.5
9.1	8.1	7.3	6.1	5.1	4.2	3.1	2.1
9.1	8.1	7.3	6.1	5.1	4.2	3.1	2.3
9.1	8.1	7.3	6.1	5.11	4.13	3.4	2.3
9.1	8.1	7.3	6.1	5.11	4.13	3.4	2.5
9.1	8.1	7.3	6.1	5.11	4.13	3.6	2.3
9.1	8.1	7.3	6.1	5.11	4.13	3.6	2.4
9.1	8.1	7.3	6.1	5.2	4.1	3.1	2.1
9.1	8.1	7.3	6.1	5.2	4.1	3.1	2.3
9.1	8.1	7.3	6.1	5.2	4.1	3.4	2.3
9.1	8.1	7.3	6.1	5.2	4.1	3.4	2.5
9.1	8.1	7.3	6.1	5.2	4.13	3.4	2.3
9.1	8.1	7.3	6.1	5.2	4.13	3.4	2.5
9.1	8.1	7.3	6.1	5.2	4.13	3.6	2.3
9.1	8.1	7.3	6.1	5.2	4.13	3.6	2.4
9.1	8.1	7.3	6.1	5.2	4.4	3.1	2.1
9.1	8.1	7.3	6.1	5.2	4.4	3.1	2.3
9.1	8.1	7.3	6.1	5.2	4.4	3.5	2.1
9.1	8.1	7.3	6.1	5.2	4.4	3.5	2.4
9.1	8.1	7.3	6.1	5.2	4.4	3.6	2.3
9.1	8.1	7.3	6.1	5.2	4.4	3.6	2.4
9.1	8.1	7.3	6.1	5.5	4.2	3.1	2.1
9.1	8.1	7.3	6.1	5.5	4.2	3.1	2.3
9.1	8.1	7.3	6.1	5.5	4.4	3.1	2.1
9.1	8.1	7.3	6.1	5.5	4.4	3.1	2.3
9.1	8.1	7.3	6.1	5.5	4.4	3.5	2.1
9.1	8.1	7.3	6.1	5.5	4.4	3.5	2.4
9.1	8.1	7.3	6.1	5.5	4.4	3.6	2.3
9.1	8.1	7.3	6.1	5.5	4.4	3.6	2.4
9.1	8.1	7.3	6.1	5.5	4.9	3.5	2.1
9.1	8.1	7.3	6.1	5.5	4.9	3.5	2.4
9.1	8.1	7.3	6.12	5.12	4.2	3.1	2.1
9.1	8.1	7.3	6.12	5.12	4.2	3.1	2.3
9.1	8.1	7.3	6.12	5.12	4.6	3.1	2.1
9.1	8.1	7.3	6.12	5.12	4.6	3.1	2.3
9.1	8.1	7.3	6.12	5.5	4.2	3.1	2.1
9.1	8.1	7.3	6.12	5.5	4.2	3.1	2.3
9.1	8.1	7.3	6.12	5.5	4.4	3.1	2.1
9.1	8.1	7.3	6.12	5.5	4.4	3.1	2.3
9.1	8.1	7.3	6.12	5.5	4.4	3.5	2.1
9.1	8.1	7.3	6.12	5.5	4.4	3.5	2.4
9.1	8.1	7.3	6.12	5.5	4.4	3.6	2.3
9.1	8.1	7.3	6.12	5.5	4.4	3.6	2.4
9.1	8.1	7.3	6.12	5.5	4.9	3.5	2.1
9.1	8.1	7.3	6.12	5.5	4.9	3.5	2.4
9.1	8.1	7.3	6.12	5.9	4.12	3.6	2.3
9.1	8.1	7.3	6.12	5.9	4.12	3.6	2.4
9.1	8.1	7.3	6.12	5.9	4.4	3.1	2.1
9.1	8.1	7.3	6.12	5.9	4.4	3.1	2.3
9.1	8.1	7.3	6.12	5.9	4.4	3.5	2.1
9.1	8.1	7.3	6.12	5.9	4.4	3.5	2.4
9.1	8.1	7.3	6.12	5.9	4.4	3.6	2.3
9.1	8.1	7.3	6.12	5.9	4.4	3.6	2.4
9.1	8.1	7.3	6.12	5.9	4.6	3.1	2.1
9.1	8.1	7.3	6.12	5.9	4.6	3.1	2.3
9.1	8.1	7.3	6.4	5.14	4.12	3.6	2.3
9.1	8.1	7.3	6.4	5.14	4.12	3.6	2.4
9.1	8.1	7.3	6.4	5.14	4.13	3.4	2.3
9.1	8.1	7.3	6.4	5.14	4.13	3.4	2.5
9.1	8.1	7.3	6.4	5.14	4.13	3.6	2.3
9.1	8.1	7.3	6.4	5.14	4.13	3.6	2.4
9.1	8.1	7.3	6.4	5.2	4.1	3.1	2.1
9.1	8.1	7.3	6.4	5.2	4.1	3.1	2.3
9.1	8.1	7.3	6.4	5.2	4.1	3.4	2.3
9.1	8.1	7.3	6.4	5.2	4.1	3.4	2.5
9.1	8.1	7.3	6.4	5.2	4.13	3.4	2.3
9.1	8.1	7.3	6.4	5.2	4.13	3.4	2.5
9.1	8.1	7.3	6.4	5.2	4.13	3.6	2.3
9.1	8.1	7.3	6.4	5.2	4.13	3.6	2.4
9.1	8.1	7.3	6.4	5.2	4.4	3.1	2.1
9.1	8.1	7.3	6.4	5.2	4.4	3.1	2.3
9.1	8.1	7.3	6.4	5.2	4.4	3.5	2.1
9.1	8.1	7.3	6.4	5.2	4.4	3.5	2.4
9.1	8.1	7.3	6.4	5.2	4.4	3.6	2.3
9.1	8.1	7.3	6.4	5.2	4.4	3.6	2.4
9.1	8.1	7.3	6.4	5.7	4.1	3.1	2.1
9.1	8.1	7.3	6.4	5.7	4.1	3.1	2.3
9.1	8.1	7.3	6.4	5.7	4.1	3.4	2.3
9.1	8.1	7.3	6.4	5.7	4.1	3.4	2.5
9.1	8.1	7.3	6.4	5.7	4.6	3.1	2.1
9.1	8.1	7.3	6.4	5.7	4.6	3.1	2.3
9.1	8.1	7.3	6.4	5.9	4.12	3.6	2.3
9.1	8.1	7.3	6.4	5.9	4.12	3.6	2.4
9.1	8.1	7.3	6.4	5.9	4.4	3.1	2.1
9.1	8.1	7.3	6.4	5.9	4.4	3.1	2.3
9.1	8.1	7.3	6.4	5.9	4.4	3.5	2.1
9.1	8.1	7.3	6.4	5.9	4.4	3.5	2.4
9.1	8.1	7.3	6.4	5.9	4.4	3.6	2.3
9.1	8.1	7.3	6.4	5.9	4.4	3.6	2.4
9.1	8.1	7.3	6.4	5.9	4.6	3.1	2.1
9.1	8.1	7.3	6.4	5.9	4.6	3.1	2.3
9.1	8.1	7.3	6.6	5.1	4.1	3.1	2.1
9.1	8.1	7.3	6.6	5.1	4.1	3.1	2.3
9.1	8.1	7.3	6.6	5.1	4.1	3.4	2.3
9.1	8.1	7.3	6.6	5.1	4.1	3.4	2.5
9.1	8.1	7.3	6.6	5.1	4.2	3.1	2.1
9.1	8.1	7.3	6.6	5.1	4.2	3.1	2.3
9.1	8.1	7.3	6.6	5.12	4.2	3.1	2.1
9.1	8.1	7.3	6.6	5.12	4.2	3.1	2.3
9.1	8.1	7.3	6.6	5.12	4.6	3.1	2.1
9.1	8.1	7.3	6.6	5.12	4.6	3.1	2.3
9.1	8.1	7.3	6.6	5.7	4.1	3.1	2.1
9.1	8.1	7.3	6.6	5.7	4.1	3.1	2.3
9.1	8.1	7.3	6.6	5.7	4.1	3.4	2.3
9.1	8.1	7.3	6.6	5.7	4.1	3.4	2.5
9.1	8.1	7.3	6.6	5.7	4.6	3.1	2.1
9.1	8.1	7.3	6.6	5.7	4.6	3.1	2.3
9.1	8.1	7.4	6.11	5.12	4.2	3.1	2.1
9.1	8.1	7.4	6.11	5.12	4.2	3.1	2.3
9.1	8.1	7.4	6.11	5.12	4.6	3.1	2.1
9.1	8.1	7.4	6.11	5.12	4.6	3.1	2.3
9.1	8.1	7.4	6.11	5.6	4.2	3.1	2.1
9.1	8.1	7.4	6.11	5.6	4.2	3.1	2.3
9.1	8.1	7.4	6.11	5.6	4.3	3.1	2.1
9.1	8.1	7.4	6.11	5.6	4.3	3.1	2.3
9.1	8.1	7.4	6.11	5.8	4.3	3.1	2.1
9.1	8.1	7.4	6.11	5.8	4.3	3.1	2.3
9.1	8.1	7.4	6.11	5.8	4.6	3.1	2.1
9.1	8.1	7.4	6.11	5.8	4.6	3.1	2.3
9.1	8.1	7.4	6.6	5.1	4.1	3.1	2.1
9.1	8.1	7.4	6.6	5.1	4.1	3.1	2.3
9.1	8.1	7.4	6.6	5.1	4.1	3.4	2.3
9.1	8.1	7.4	6.6	5.1	4.1	3.4	2.5
9.1	8.1	7.4	6.6	5.1	4.2	3.1	2.1
9.1	8.1	7.4	6.6	5.1	4.2	3.1	2.3
9.1	8.1	7.4	6.6	5.12	4.2	3.1	2.1
9.1	8.1	7.4	6.6	5.12	4.2	3.1	2.3
9.1	8.1	7.4	6.6	5.12	4.6	3.1	2.1
9.1	8.1	7.4	6.6	5.12	4.6	3.1	2.3
9.1	8.1	7.4	6.6	5.7	4.1	3.1	2.1
9.1	8.1	7.4	6.6	5.7	4.1	3.1	2.3
9.1	8.1	7.4	6.6	5.7	4.1	3.4	2.3
9.1	8.1	7.4	6.6	5.7	4.1	3.4	2.5
9.1	8.1	7.4	6.6	5.7	4.6	3.1	2.1
9.1	8.1	7.4	6.6	5.7	4.6	3.1	2.3
9.1	8.1	7.4	6.8	5.3	4.1	3.1	2.1
9.1	8.1	7.4	6.8	5.3	4.1	3.1	2.3
9.1	8.1	7.4	6.8	5.3	4.1	3.4	2.3
9.1	8.1	7.4	6.8	5.3	4.1	3.4	2.5
9.1	8.1	7.4	6.8	5.3	4.3	3.1	2.1
9.1	8.1	7.4	6.8	5.3	4.3	3.1	2.3
9.1	8.1	7.4	6.8	5.7	4.1	3.1	2.1
9.1	8.1	7.4	6.8	5.7	4.1	3.1	2.3
9.1	8.1	7.4	6.8	5.7	4.1	3.4	2.3
9.1	8.1	7.4	6.8	5.7	4.1	3.4	2.5
9.1	8.1	7.4	6.8	5.7	4.6	3.1	2.1
9.1	8.1	7.4	6.8	5.7	4.6	3.1	2.3
9.1	8.1	7.4	6.8	5.8	4.3	3.1	2.1
9.1	8.1	7.4	6.8	5.8	4.3	3.1	2.3
9.1	8.1	7.4	6.8	5.8	4.6	3.1	2.1
9.1	8.1	7.4	6.8	5.8	4.6	3.1	2.3
9.1	8.1	7.4	6.9	5.1	4.1	3.1	2.1
9.1	8.1	7.4	6.9	5.1	4.1	3.1	2.3
9.1	8.1	7.4	6.9	5.1	4.1	3.4	2.3
9.1	8.1	7.4	6.9	5.1	4.1	3.4	2.5
9.1	8.1	7.4	6.9	5.1	4.2	3.1	2.1
9.1	8.1	7.4	6.9	5.1	4.2	3.1	2.3
9.1	8.1	7.4	6.9	5.3	4.1	3.1	2.1
9.1	8.1	7.4	6.9	5.3	4.1	3.1	2.3
9.1	8.1	7.4	6.9	5.3	4.1	3.4	2.3
9.1	8.1	7.4	6.9	5.3	4.1	3.4	2.5
9.1	8.1	7.4	6.9	5.3	4.3	3.1	2.1
9.1	8.1	7.4	6.9	5.3	4.3	3.1	2.3
9.1	8.1	7.4	6.9	5.6	4.2	3.1	2.1
9.1	8.1	7.4	6.9	5.6	4.2	3.1	2.3
9.1	8.1	7.4	6.9	5.6	4.3	3.1	2.1
9.1	8.1	7.4	6.9	5.6	4.3	3.1	2.3
9.1	8.1	7.8	6.11	5.12	4.2	3.1	2.1
9.1	8.1	7.8	6.11	5.12	4.2	3.1	2.3
9.1	8.1	7.8	6.11	5.12	4.6	3.1	2.1
9.1	8.1	7.8	6.11	5.12	4.6	3.1	2.3
9.1	8.1	7.8	6.11	5.6	4.2	3.1	2.1
9.1	8.1	7.8	6.11	5.6	4.2	3.1	2.3
9.1	8.1	7.8	6.11	5.6	4.3	3.1	2.1
9.1	8.1	7.8	6.11	5.6	4.3	3.1	2.3
9.1	8.1	7.8	6.11	5.8	4.3	3.1	2.1
9.1	8.1	7.8	6.11	5.8	4.3	3.1	2.3
9.1	8.1	7.8	6.11	5.8	4.6	3.1	2.1
9.1	8.1	7.8	6.11	5.8	4.6	3.1	2.3
9.1	8.1	7.8	6.12	5.12	4.2	3.1	2.1
9.1	8.1	7.8	6.12	5.12	4.2	3.1	2.3
9.1	8.1	7.8	6.12	5.12	4.6	3.1	2.1
9.1	8.1	7.8	6.12	5.12	4.6	3.1	2.3
9.1	8.1	7.8	6.12	5.5	4.2	3.1	2.1
9.1	8.1	7.8	6.12	5.5	4.2	3.1	2.3
9.1	8.1	7.8	6.12	5.5	4.4	3.1	2.1
9.1	8.1	7.8	6.12	5.5	4.4	3.1	2.3
9.1	8.1	7.8	6.12	5.5	4.4	3.5	2.1
9.1	8.1	7.8	6.12	5.5	4.4	3.5	2.4
9.1	8.1	7.8	6.12	5.5	4.4	3.6	2.3
9.1	8.1	7.8	6.12	5.5	4.4	3.6	2.4
9.1	8.1	7.8	6.12	5.5	4.9	3.5	2.1
9.1	8.1	7.8	6.12	5.5	4.9	3.5	2.4
9.1	8.1	7.8	6.12	5.9	4.12	3.6	2.3
9.1	8.1	7.8	6.12	5.9	4.12	3.6	2.4
9.1	8.1	7.8	6.12	5.9	4.4	3.1	2.1
9.1	8.1	7.8	6.12	5.9	4.4	3.1	2.3
9.1	8.1	7.8	6.12	5.9	4.4	3.5	2.1
9.1	8.1	7.8	6.12	5.9	4.4	3.5	2.4
9.1	8.1	7.8	6.12	5.9	4.4	3.6	2.3
9.1	8.1	7.8	6.12	5.9	4.4	3.6	2.4
9.1	8.1	7.8	6.12	5.9	4.6	3.1	2.1
9.1	8.1	7.8	6.12	5.9	4.6	3.1	2.3
9.1	8.1	7.8	6.5	5.4	4.3	3.1	2.1
9.1	8.1	7.8	6.5	5.4	4.3	3.1	2.3
9.1	8.1	7.8	6.5	5.4	4.4	3.1	2.1
9.1	8.1	7.8	6.5	5.4	4.4	3.1	2.3
9.1	8.1	7.8	6.5	5.4	4.4	3.5	2.1
9.1	8.1	7.8	6.5	5.4	4.4	3.5	2.4
9.1	8.1	7.8	6.5	5.4	4.4	3.6	2.3
9.1	8.1	7.8	6.5	5.4	4.4	3.6	2.4
9.1	8.1	7.8	6.5	5.5	4.2	3.1	2.1
9.1	8.1	7.8	6.5	5.5	4.2	3.1	2.3
9.1	8.1	7.8	6.5	5.5	4.4	3.1	2.1
9.1	8.1	7.8	6.5	5.5	4.4	3.1	2.3
9.1	8.1	7.8	6.5	5.5	4.4	3.5	2.1
9.1	8.1	7.8	6.5	5.5	4.4	3.5	2.4
9.1	8.1	7.8	6.5	5.5	4.4	3.6	2.3
9.1	8.1	7.8	6.5	5.5	4.4	3.6	2.4
9.1	8.1	7.8	6.5	5.5	4.9	3.5	2.1
9.1	8.1	7.8	6.5	5.5	4.9	3.5	2.4
9.1	8.1	7.8	6.5	5.6	4.2	3.1	2.1
9.1	8.1	7.8	6.5	5.6	4.2	3.1	2.3
9.1	8.1	7.8	6.5	5.6	4.3	3.1	2.1
9.1	8.1	7.8	6.5	5.6	4.3	3.1	2.3
9.1	8.1	7.8	6.7	5.4	4.3	3.1	2.1
9.1	8.1	7.8	6.7	5.4	4.3	3.1	2.3
9.1	8.1	7.8	6.7	5.4	4.4	3.1	2.1
9.1	8.1	7.8	6.7	5.4	4.4	3.1	2.3
9.1	8.1	7.8	6.7	5.4	4.4	3.5	2.1
9.1	8.1	7.8	6.7	5.4	4.4	3.5	2.4
9.1	8.1	7.8	6.7	5.4	4.4	3.6	2.3
9.1	8.1	7.8	6.7	5.4	4.4	3.6	2.4
9.1	8.1	7.8	6.7	5.8	4.3	3.1	2.1
9.1	8.1	7.8	6.7	5.8	4.3	3.1	2.3
9.1	8.1	7.8	6.7	5.8	4.6	3.1	2.1
9.1	8.1	7.8	6.7	5.8	4.6	3.1	2.3
9.1	8.1	7.8	6.7	5.9	4.12	3.6	2.3
9.1	8.1	7.8	6.7	5.9	4.12	3.6	2.4
9.1	8.1	7.8	6.7	5.9	4.4	3.1	2.1
9.1	8.1	7.8	6.7	5.9	4.4	3.1	2.3
9.1	8.1	7.8	6.7	5.9	4.4	3.5	2.1
9.1	8.1	7.8	6.7	5.9	4.4	3.5	2.4
9.1	8.1	7.8	6.7	5.9	4.4	3.6	2.3
9.1	8.1	7.8	6.7	5.9	4.4	3.6	2.4
9.1	8.1	7.8	6.7	5.9	4.6	3.1	2.1
9.1	8.1	7.8	6.7	5.9	4.6	3.1	2.3
9.1	8.3	7.1	6.2	5.2	4.1	3.1	2.1
9.1	8.3	7.1	6.2	5.2	4.1	3.1	2.3
9.1	8.3	7.1	6.2	5.2	4.1	3.4	2.3
9.1	8.3	7.1	6.2	5.2	4.1	3.4	2.5
9.1	8.3	7.1	6.2	5.2	4.13	3.4	2.3
9.1	8.3	7.1	6.2	5.2	4.13	3.4	2.5
9.1	8.3	7.1	6.2	5.2	4.13	3.6	2.3
9.1	8.3	7.1	6.2	5.2	4.13	3.6	2.4
9.1	8.3	7.1	6.2	5.2	4.4	3.1	2.1
9.1	8.3	7.1	6.2	5.2	4.4	3.1	2.3
9.1	8.3	7.1	6.2	5.2	4.4	3.5	2.1
9.1	8.3	7.1	6.2	5.2	4.4	3.5	2.4
9.1	8.3	7.1	6.2	5.2	4.4	3.6	2.3
9.1	8.3	7.1	6.2	5.2	4.4	3.6	2.4
9.1	8.3	7.1	6.2	5.3	4.1	3.1	2.1
9.1	8.3	7.1	6.2	5.3	4.1	3.1	2.3
9.1	8.3	7.1	6.2	5.3	4.1	3.4	2.3
9.1	8.3	7.1	6.2	5.3	4.1	3.4	2.5
9.1	8.3	7.1	6.2	5.3	4.3	3.1	2.1
9.1	8.3	7.1	6.2	5.3	4.3	3.1	2.3
9.1	8.3	7.1	6.2	5.4	4.3	3.1	2.1
9.1	8.3	7.1	6.2	5.4	4.3	3.1	2.3
9.1	8.3	7.1	6.2	5.4	4.4	3.1	2.1
9.1	8.3	7.1	6.2	5.4	4.4	3.1	2.3
9.1	8.3	7.1	6.2	5.4	4.4	3.5	2.1
9.1	8.3	7.1	6.2	5.4	4.4	3.5	2.4
9.1	8.3	7.1	6.2	5.4	4.4	3.6	2.3
9.1	8.3	7.1	6.2	5.4	4.4	3.6	2.4
9.1	8.3	7.1	6.4	5.14	4.12	3.6	2.3
9.1	8.3	7.1	6.4	5.14	4.12	3.6	2.4
9.1	8.3	7.1	6.4	5.14	4.13	3.4	2.3
9.1	8.3	7.1	6.4	5.14	4.13	3.4	2.5
9.1	8.3	7.1	6.4	5.14	4.13	3.6	2.3
9.1	8.3	7.1	6.4	5.14	4.13	3.6	2.4
9.1	8.3	7.1	6.4	5.2	4.1	3.1	2.1
9.1	8.3	7.1	6.4	5.2	4.1	3.1	2.3
9.1	8.3	7.1	6.4	5.2	4.1	3.4	2.3
9.1	8.3	7.1	6.4	5.2	4.1	3.4	2.5
9.1	8.3	7.1	6.4	5.2	4.13	3.4	2.3
9.1	8.3	7.1	6.4	5.2	4.13	3.4	2.5
9.1	8.3	7.1	6.4	5.2	4.13	3.6	2.3
9.1	8.3	7.1	6.4	5.2	4.13	3.6	2.4
9.1	8.3	7.1	6.4	5.2	4.4	3.1	2.1
9.1	8.3	7.1	6.4	5.2	4.4	3.1	2.3
9.1	8.3	7.1	6.4	5.2	4.4	3.5	2.1
9.1	8.3	7.1	6.4	5.2	4.4	3.5	2.4
9.1	8.3	7.1	6.4	5.2	4.4	3.6	2.3
9.1	8.3	7.1	6.4	5.2	4.4	3.6	2.4
9.1	8.3	7.1	6.4	5.7	4.1	3.1	2.1
9.1	8.3	7.1	6.4	5.7	4.1	3.1	2.3
9.1	8.3	7.1	6.4	5.7	4.1	3.4	2.3
9.1	8.3	7.1	6.4	5.7	4.1	3.4	2.5
9.1	8.3	7.1	6.4	5.7	4.6	3.1	2.1
9.1	8.3	7.1	6.4	5.7	4.6	3.1	2.3
9.1	8.3	7.1	6.4	5.9	4.12	3.6	2.3
9.1	8.3	7.1	6.4	5.9	4.12	3.6	2.4
9.1	8.3	7.1	6.4	5.9	4.4	3.1	2.1
9.1	8.3	7.1	6.4	5.9	4.4	3.1	2.3
9.1	8.3	7.1	6.4	5.9	4.4	3.5	2.1
9.1	8.3	7.1	6.4	5.9	4.4	3.5	2.4
9.1	8.3	7.1	6.4	5.9	4.4	3.6	2.3
9.1	8.3	7.1	6.4	5.9	4.4	3.6	2.4
9.1	8.3	7.1	6.4	5.9	4.6	3.1	2.1
9.1	8.3	7.1	6.4	5.9	4.6	3.1	2.3
9.1	8.3	7.1	6.7	5.4	4.3	3.1	2.1
9.1	8.3	7.1	6.7	5.4	4.3	3.1	2.3
9.1	8.3	7.1	6.7	5.4	4.4	3.1	2.1
9.1	8.3	7.1	6.7	5.4	4.4	3.1	2.3
9.1	8.3	7.1	6.7	5.4	4.4	3.5	2.1
9.1	8.3	7.1	6.7	5.4	4.4	3.5	2.4
9.1	8.3	7.1	6.7	5.4	4.4	3.6	2.3
9.1	8.3	7.1	6.7	5.4	4.4	3.6	2.4
9.1	8.3	7.1	6.7	5.8	4.3	3.1	2.1
9.1	8.3	7.1	6.7	5.8	4.3	3.1	2.3
9.1	8.3	7.1	6.7	5.8	4.6	3.1	2.1
9.1	8.3	7.1	6.7	5.8	4.6	3.1	2.3
9.1	8.3	7.1	6.7	5.9	4.12	3.6	2.3
9.1	8.3	7.1	6.7	5.9	4.12	3.6	2.4
9.1	8.3	7.1	6.7	5.9	4.4	3.1	2.1
9.1	8.3	7.1	6.7	5.9	4.4	3.1	2.3
9.1	8.3	7.1	6.7	5.9	4.4	3.5	2.1
9.1	8.3	7.1	6.7	5.9	4.4	3.5	2.4
9.1	8.3	7.1	6.7	5.9	4.4	3.6	2.3
9.1	8.3	7.1	6.7	5.9	4.4	3.6	2.4
9.1	8.3	7.1	6.7	5.9	4.6	3.1	2.1
9.1	8.3	7.1	6.7	5.9	4.6	3.1	2.3
9.1	8.3	7.1	6.8	5.3	4.1	3.1	2.1
9.1	8.3	7.1	6.8	5.3	4.1	3.1	2.3
9.1	8.3	7.1	6.8	5.3	4.1	3.4	2.3
9.1	8.3	7.1	6.8	5.3	4.1	3.4	2.5
9.1	8.3	7.1	6.8	5.3	4.3	3.1	2.1
9.1	8.3	7.1	6.8	5.3	4.3	3.1	2.3
9.1	8.3	7.1	6.8	5.7	4.1	3.1	2.1
9.1	8.3	7.1	6.8	5.7	4.1	3.1	2.3
9.1	8.3	7.1	6.8	5.7	4.1	3.4	2.3
9.1	8.3	7.1	6.8	5.7	4.1	3.4	2.5
9.1	8.3	7.1	6.8	5.7	4.6	3.1	2.1
9.1	8.3	7.1	6.8	5.7	4.6	3.1	2.3
9.1	8.3	7.1	6.8	5.8	4.3	3.1	2.1
9.1	8.3	7.1	6.8	5.8	4.3	3.1	2.3
9.1	8.3	7.1	6.8	5.8	4.6	3.1	2.1
9.1	8.3	7.1	6.8	5.8	4.6	3.1	2.3
9.1	8.4	7.11	6.17	5.101	4.1	3.1	2.1
9.1	8.4	7.11	6.17	5.101	4.1	3.1	2.3
9.1	8.4	7.11	6.17	5.101	4.1	3.4	2.3
9.1	8.4	7.11	6.17	5.101	4.1	3.4	2.5
9.1	8.4	7.11	6.17	5.101	4.7	3.1	2.1
9.1	8.4	7.11	6.17	5.101	4.7	3.1	2.3
9.1	8.4	7.11	6.17	5.16	4.3	3.1	2.1
9.1	8.4	7.11	6.17	5.16	4.3	3.1	2.3
9.1	8.4	7.11	6.17	5.16	4.7	3.1	2.1
9.1	8.4	7.11	6.17	5.16	4.7	3.1	2.3
9.1	8.4	7.11	6.17	5.3	4.1	3.1	2.1
9.1	8.4	7.11	6.17	5.3	4.1	3.1	2.3
9.1	8.4	7.11	6.17	5.3	4.1	3.4	2.3
9.1	8.4	7.11	6.17	5.3	4.1	3.4	2.5
9.1	8.4	7.11	6.17	5.3	4.3	3.1	2.1
9.1	8.4	7.11	6.17	5.3	4.3	3.1	2.3
9.1	8.4	7.11	6.3	5.1	4.1	3.1	2.1
9.1	8.4	7.11	6.3	5.1	4.1	3.1	2.3
9.1	8.4	7.11	6.3	5.1	4.1	3.4	2.3
9.1	8.4	7.11	6.3	5.1	4.1	3.4	2.5
9.1	8.4	7.11	6.3	5.1	4.2	3.1	2.1
9.1	8.4	7.11	6.3	5.1	4.2	3.1	2.3
9.1	8.4	7.11	6.3	5.101	4.1	3.1	2.1
9.1	8.4	7.11	6.3	5.101	4.1	3.1	2.3
9.1	8.4	7.11	6.3	5.101	4.1	3.4	2.3
9.1	8.4	7.11	6.3	5.101	4.1	3.4	2.5
9.1	8.4	7.11	6.3	5.101	4.7	3.1	2.1
9.1	8.4	7.11	6.3	5.101	4.7	3.1	2.3
9.1	8.4	7.11	6.9	5.1	4.1	3.1	2.1
9.1	8.4	7.11	6.9	5.1	4.1	3.1	2.3
9.1	8.4	7.11	6.9	5.1	4.1	3.4	2.3
9.1	8.4	7.11	6.9	5.1	4.1	3.4	2.5
9.1	8.4	7.11	6.9	5.1	4.2	3.1	2.1
9.1	8.4	7.11	6.9	5.1	4.2	3.1	2.3
9.1	8.4	7.11	6.9	5.3	4.1	3.1	2.1
9.1	8.4	7.11	6.9	5.3	4.1	3.1	2.3
9.1	8.4	7.11	6.9	5.3	4.1	3.4	2.3
9.1	8.4	7.11	6.9	5.3	4.1	3.4	2.5
9.1	8.4	7.11	6.9	5.3	4.3	3.1	2.1
9.1	8.4	7.11	6.9	5.3	4.3	3.1	2.3
9.1	8.4	7.11	6.9	5.6	4.2	3.1	2.1
9.1	8.4	7.11	6.9	5.6	4.2	3.1	2.3
9.1	8.4	7.11	6.9	5.6	4.3	3.1	2.1
9.1	8.4	7.11	6.9	5.6	4.3	3.1	2.3
9.1	8.4	7.12	6.5	5.4	4.3	3.1	2.1
9.1	8.4	7.12	6.5	5.4	4.3	3.1	2.3
9.1	8.4	7.12	6.5	5.4	4.4	3.1	2.1
9.1	8.4	7.12	6.5	5.4	4.4	3.1	2.3
9.1	8.4	7.12	6.5	5.4	4.4	3.5	2.1
9.1	8.4	7.12	6.5	5.4	4.4	3.5	2.4
9.1	8.4	7.12	6.5	5.4	4.4	3.6	2.3
9.1	8.4	7.12	6.5	5.4	4.4	3.6	2.4
9.1	8.4	7.12	6.5	5.5	4.2	3.1	2.1
9.1	8.4	7.12	6.5	5.5	4.2	3.1	2.3
9.1	8.4	7.12	6.5	5.5	4.4	3.1	2.1
9.1	8.4	7.12	6.5	5.5	4.4	3.1	2.3
9.1	8.4	7.12	6.5	5.5	4.4	3.5	2.1
9.1	8.4	7.12	6.5	5.5	4.4	3.5	2.4
9.1	8.4	7.12	6.5	5.5	4.4	3.6	2.3
9.1	8.4	7.12	6.5	5.5	4.4	3.6	2.4
9.1	8.4	7.12	6.5	5.5	4.9	3.5	2.1
9.1	8.4	7.12	6.5	5.5	4.9	3.5	2.4
9.1	8.4	7.12	6.5	5.6	4.2	3.1	2.1
9.1	8.4	7.12	6.5	5.6	4.2	3.1	2.3
9.1	8.4	7.12	6.5	5.6	4.3	3.1	2.1
9.1	8.4	7.12	6.5	5.6	4.3	3.1	2.3
9.1	8.4	7.2	6.1	5.1	4.1	3.1	2.1
9.1	8.4	7.2	6.1	5.1	4.1	3.1	2.3
9.1	8.4	7.2	6.1	5.1	4.1	3.4	2.3
9.1	8.4	7.2	6.1	5.1	4.1	3.4	2.5
9.1	8.4	7.2	6.1	5.1	4.2	3.1	2.1
9.1	8.4	7.2	6.1	5.1	4.2	3.1	2.3
9.1	8.4	7.2	6.1	5.11	4.13	3.4	2.3
9.1	8.4	7.2	6.1	5.11	4.13	3.4	2.5
9.1	8.4	7.2	6.1	5.11	4.13	3.6	2.3
9.1	8.4	7.2	6.1	5.11	4.13	3.6	2.4
9.1	8.4	7.2	6.1	5.2	4.1	3.1	2.1
9.1	8.4	7.2	6.1	5.2	4.1	3.1	2.3
9.1	8.4	7.2	6.1	5.2	4.1	3.4	2.3
9.1	8.4	7.2	6.1	5.2	4.1	3.4	2.5
9.1	8.4	7.2	6.1	5.2	4.13	3.4	2.3
9.1	8.4	7.2	6.1	5.2	4.13	3.4	2.5
9.1	8.4	7.2	6.1	5.2	4.13	3.6	2.3
9.1	8.4	7.2	6.1	5.2	4.13	3.6	2.4
9.1	8.4	7.2	6.1	5.2	4.4	3.1	2.1
9.1	8.4	7.2	6.1	5.2	4.4	3.1	2.3
9.1	8.4	7.2	6.1	5.2	4.4	3.5	2.1
9.1	8.4	7.2	6.1	5.2	4.4	3.5	2.4
9.1	8.4	7.2	6.1	5.2	4.4	3.6	2.3
9.1	8.4	7.2	6.1	5.2	4.4	3.6	2.4
9.1	8.4	7.2	6.1	5.5	4.2	3.1	2.1
9.1	8.4	7.2	6.1	5.5	4.2	3.1	2.3
9.1	8.4	7.2	6.1	5.5	4.4	3.1	2.1
9.1	8.4	7.2	6.1	5.5	4.4	3.1	2.3
9.1	8.4	7.2	6.1	5.5	4.4	3.5	2.1
9.1	8.4	7.2	6.1	5.5	4.4	3.5	2.4
9.1	8.4	7.2	6.1	5.5	4.4	3.6	2.3
9.1	8.4	7.2	6.1	5.5	4.4	3.6	2.4
9.1	8.4	7.2	6.1	5.5	4.9	3.5	2.1
9.1	8.4	7.2	6.1	5.5	4.9	3.5	2.4
9.1	8.4	7.2	6.2	5.2	4.1	3.1	2.1
9.1	8.4	7.2	6.2	5.2	4.1	3.1	2.3
9.1	8.4	7.2	6.2	5.2	4.1	3.4	2.3
9.1	8.4	7.2	6.2	5.2	4.1	3.4	2.5
9.1	8.4	7.2	6.2	5.2	4.13	3.4	2.3
9.1	8.4	7.2	6.2	5.2	4.13	3.4	2.5
9.1	8.4	7.2	6.2	5.2	4.13	3.6	2.3
9.1	8.4	7.2	6.2	5.2	4.13	3.6	2.4
9.1	8.4	7.2	6.2	5.2	4.4	3.1	2.1
9.1	8.4	7.2	6.2	5.2	4.4	3.1	2.3
9.1	8.4	7.2	6.2	5.2	4.4	3.5	2.1
9.1	8.4	7.2	6.2	5.2	4.4	3.5	2.4
9.1	8.4	7.2	6.2	5.2	4.4	3.6	2.3
9.1	8.4	7.2	6.2	5.2	4.4	3.6	2.4
9.1	8.4	7.2	6.2	5.3	4.1	3.1	2.1
9.1	8.4	7.2	6.2	5.3	4.1	3.1	2.3
9.1	8.4	7.2	6.2	5.3	4.1	3.4	2.3
9.1	8.4	7.2	6.2	5.3	4.1	3.4	2.5
9.1	8.4	7.2	6.2	5.3	4.3	3.1	2.1
9.1	8.4	7.2	6.2	5.3	4.3	3.1	2.3
9.1	8.4	7.2	6.2	5.4	4.3	3.1	2.1
9.1	8.4	7.2	6.2	5.4	4.3	3.1	2.3
9.1	8.4	7.2	6.2	5.4	4.4	3.1	2.1
9.1	8.4	7.2	6.2	5.4	4.4	3.1	2.3
9.1	8.4	7.2	6.2	5.4	4.4	3.5	2.1
9.1	8.4	7.2	6.2	5.4	4.4	3.5	2.4
9.1	8.4	7.2	6.2	5.4	4.4	3.6	2.3
9.1	8.4	7.2	6.2	5.4	4.4	3.6	2.4
9.1	8.4	7.2	6.5	5.4	4.3	3.1	2.1
9.1	8.4	7.2	6.5	5.4	4.3	3.1	2.3
9.1	8.4	7.2	6.5	5.4	4.4	3.1	2.1
9.1	8.4	7.2	6.5	5.4	4.4	3.1	2.3
9.1	8.4	7.2	6.5	5.4	4.4	3.5	2.1
9.1	8.4	7.2	6.5	5.4	4.4	3.5	2.4
9.1	8.4	7.2	6.5	5.4	4.4	3.6	2.3
9.1	8.4	7.2	6.5	5.4	4.4	3.6	2.4
9.1	8.4	7.2	6.5	5.5	4.2	3.1	2.1
9.1	8.4	7.2	6.5	5.5	4.2	3.1	2.3
9.1	8.4	7.2	6.5	5.5	4.4	3.1	2.1
9.1	8.4	7.2	6.5	5.5	4.4	3.1	2.3
9.1	8.4	7.2	6.5	5.5	4.4	3.5	2.1
9.1	8.4	7.2	6.5	5.5	4.4	3.5	2.4
9.1	8.4	7.2	6.5	5.5	4.4	3.6	2.3
9.1	8.4	7.2	6.5	5.5	4.4	3.6	2.4
9.1	8.4	7.2	6.5	5.5	4.9	3.5	2.1
9.1	8.4	7.2	6.5	5.5	4.9	3.5	2.4
9.1	8.4	7.2	6.5	5.6	4.2	3.1	2.1
9.1	8.4	7.2	6.5	5.6	4.2	3.1	2.3
9.1	8.4	7.2	6.5	5.6	4.3	3.1	2.1
9.1	8.4	7.2	6.5	5.6	4.3	3.1	2.3
9.1	8.4	7.2	6.9	5.1	4.1	3.1	2.1
9.1	8.4	7.2	6.9	5.1	4.1	3.1	2.3
9.1	8.4	7.2	6.9	5.1	4.1	3.4	2.3
9.1	8.4	7.2	6.9	5.1	4.1	3.4	2.5
9.1	8.4	7.2	6.9	5.1	4.2	3.1	2.1
9.1	8.4	7.2	6.9	5.1	4.2	3.1	2.3
9.1	8.4	7.2	6.9	5.3	4.1	3.1	2.1
9.1	8.4	7.2	6.9	5.3	4.1	3.1	2.3
9.1	8.4	7.2	6.9	5.3	4.1	3.4	2.3
9.1	8.4	7.2	6.9	5.3	4.1	3.4	2.5
9.1	8.4	7.2	6.9	5.3	4.3	3.1	2.1
9.1	8.4	7.2	6.9	5.3	4.3	3.1	2.3
9.1	8.4	7.2	6.9	5.6	4.2	3.1	2.1
9.1	8.4	7.2	6.9	5.6	4.2	3.1	2.3
9.1	8.4	7.2	6.9	5.6	4.3	3.1	2.1
9.1	8.4	7.2	6.9	5.6	4.3	3.1	2.3
9.1	8.4	7.5	6.1	5.1	4.1	3.1	2.1
9.1	8.4	7.5	6.1	5.1	4.1	3.1	2.3
9.1	8.4	7.5	6.1	5.1	4.1	3.4	2.3
9.1	8.4	7.5	6.1	5.1	4.1	3.4	2.5
9.1	8.4	7.5	6.1	5.1	4.2	3.1	2.1
9.1	8.4	7.5	6.1	5.1	4.2	3.1	2.3
9.1	8.4	7.5	6.1	5.11	4.13	3.4	2.3
9.1	8.4	7.5	6.1	5.11	4.13	3.4	2.5
9.1	8.4	7.5	6.1	5.11	4.13	3.6	2.3
9.1	8.4	7.5	6.1	5.11	4.13	3.6	2.4
9.1	8.4	7.5	6.1	5.2	4.1	3.1	2.1
9.1	8.4	7.5	6.1	5.2	4.1	3.1	2.3
9.1	8.4	7.5	6.1	5.2	4.1	3.4	2.3
9.1	8.4	7.5	6.1	5.2	4.1	3.4	2.5
9.1	8.4	7.5	6.1	5.2	4.13	3.4	2.3
9.1	8.4	7.5	6.1	5.2	4.13	3.4	2.5
9.1	8.4	7.5	6.1	5.2	4.13	3.6	2.3
9.1	8.4	7.5	6.1	5.2	4.13	3.6	2.4
9.1	8.4	7.5	6.1	5.2	4.4	3.1	2.1
9.1	8.4	7.5	6.1	5.2	4.4	3.1	2.3
9.1	8.4	7.5	6.1	5.2	4.4	3.5	2.1
9.1	8.4	7.5	6.1	5.2	4.4	3.5	2.4
9.1	8.4	7.5	6.1	5.2	4.4	3.6	2.3
9.1	8.4	7.5	6.1	5.2	4.4	3.6	2.4
9.1	8.4	7.5	6.1	5.5	4.2	3.1	2.1
9.1	8.4	7.5	6.1	5.5	4.2	3.1	2.3
9.1	8.4	7.5	6.1	5.5	4.4	3.1	2.1
9.1	8.4	7.5	6.1	5.5	4.4	3.1	2.3
9.1	8.4	7.5	6.1	5.5	4.4	3.5	2.1
9.1	8.4	7.5	6.1	5.5	4.4	3.5	2.4
9.1	8.4	7.5	6.1	5.5	4.4	3.6	2.3
9.1	8.4	7.5	6.1	5.5	4.4	3.6	2.4
9.1	8.4	7.5	6.1	5.5	4.9	3.5	2.1
9.1	8.4	7.5	6.1	5.5	4.9	3.5	2.4
9.1	8.4	7.5	6.101	5.101	4.1	3.1	2.1
9.1	8.4	7.5	6.101	5.101	4.1	3.1	2.3
9.1	8.4	7.5	6.101	5.101	4.1	3.4	2.3
9.1	8.4	7.5	6.101	5.101	4.1	3.4	2.5
9.1	8.4	7.5	6.101	5.101	4.7	3.1	2.1
9.1	8.4	7.5	6.101	5.101	4.7	3.1	2.3
9.1	8.4	7.5	6.101	5.18	4.13	3.4	2.3
9.1	8.4	7.5	6.101	5.18	4.13	3.4	2.5
9.1	8.4	7.5	6.101	5.18	4.13	3.6	2.3
9.1	8.4	7.5	6.101	5.18	4.13	3.6	2.4
9.1	8.4	7.5	6.101	5.2	4.1	3.1	2.1
9.1	8.4	7.5	6.101	5.2	4.1	3.1	2.3
9.1	8.4	7.5	6.101	5.2	4.1	3.4	2.3
9.1	8.4	7.5	6.101	5.2	4.1	3.4	2.5
9.1	8.4	7.5	6.101	5.2	4.13	3.4	2.3
9.1	8.4	7.5	6.101	5.2	4.13	3.4	2.5
9.1	8.4	7.5	6.101	5.2	4.13	3.6	2.3
9.1	8.4	7.5	6.101	5.2	4.13	3.6	2.4
9.1	8.4	7.5	6.101	5.2	4.4	3.1	2.1
9.1	8.4	7.5	6.101	5.2	4.4	3.1	2.3
9.1	8.4	7.5	6.101	5.2	4.4	3.5	2.1
9.1	8.4	7.5	6.101	5.2	4.4	3.5	2.4
9.1	8.4	7.5	6.101	5.2	4.4	3.6	2.3
9.1	8.4	7.5	6.101	5.2	4.4	3.6	2.4
9.1	8.4	7.5	6.3	5.1	4.1	3.1	2.1
9.1	8.4	7.5	6.3	5.1	4.1	3.1	2.3
9.1	8.4	7.5	6.3	5.1	4.1	3.4	2.3
9.1	8.4	7.5	6.3	5.1	4.1	3.4	2.5
9.1	8.4	7.5	6.3	5.1	4.2	3.1	2.1
9.1	8.4	7.5	6.3	5.1	4.2	3.1	2.3
9.1	8.4	7.5	6.3	5.101	4.1	3.1	2.1
9.1	8.4	7.5	6.3	5.101	4.1	3.1	2.3
9.1	8.4	7.5	6.3	5.101	4.1	3.4	2.3
9.1	8.4	7.5	6.3	5.101	4.1	3.4	2.5
9.1	8.4	7.5	6.3	5.101	4.7	3.1	2.1
9.1	8.4	7.5	6.3	5.101	4.7	3.1	2.3
