10.1	9.3	8.2	7.3	6.1	5.1	4.1	3.1	2.1
10.1	9.3	8.2	7.3	6.1	5.1	4.1	3.1	2.3
10.1	9.3	8.2	7.3	6.1	5.1	4.1	3.4	2.3
10.1	9.3	8.2	7.3	6.1	5.1	4.1	3.4	2.5
10.1	9.3	8.2	7.3	6.1	5.1	4.2	3.1	2.1
10.1	9.3	8.2	7.3	6.1	5.1	4.2	3.1	2.3
10.1	9.3	8.2	7.3	6.1	5.11	4.13	3.4	2.3
10.1	9.3	8.2	7.3	6.1	5.11	4.13	3.4	2.5
10.1	9.3	8.2	7.3	6.1	5.11	4.13	3.6	2.3
10.1	9.3	8.2	7.3	6.1	5.11	4.13	3.6	2.4
10.1	9.3	8.2	7.3	6.1	5.2	4.1	3.1	2.1
10.1	9.3	8.2	7.3	6.1	5.2	4.1	3.1	2.3
10.1	9.3	8.2	7.3	6.1	5.2	4.1	3.4	2.3
10.1	9.3	8.2	7.3	6.1	5.2	4.1	3.4	2.5
10.1	9.3	8.2	7.3	6.1	5.2	4.13	3.4	2.3
10.1	9.3	8.2	7.3	6.1	5.2	4.13	3.4	2.5
10.1	9.3	8.2	7.3	6.1	5.2	4.13	3.6	2.3
10.1	9.3	8.2	7.3	6.1	5.2	4.13	3.6	2.4
10.1	9.3	8.2	7.3	6.1	5.2	4.4	3.1	2.1
10.1	9.3	8.2	7.3	6.1	5.2	4.4	3.1	2.3
10.1	9.3	8.2	7.3	6.1	5.2	4.4	3.5	2.1
10.1	9.3	8.2	7.3	6.1	5.2	4.4	3.5	2.4
10.1	9.3	8.2	7.3	6.1	5.2	4.4	3.6	2.3
10.1	9.3	8.2	7.3	6.1	5.2	4.4	3.6	2.4
10.1	9.3	8.2	7.3	6.1	5.5	4.2	3.1	2.1
10.1	9.3	8.2	7.3	6.1	5.5	4.2	3.1	2.3
10.1	9.3	8.2	7.3	6.1	5.5	4.4	3.1	2.1
10.1	9.3	8.2	7.3	6.1	5.5	4.4	3.1	2.3
10.1	9.3	8.2	7.3	6.1	5.5	4.4	3.5	2.1
10.1	9.3	8.2	7.3	6.1	5.5	4.4	3.5	2.4
10.1	9.3	8.2	7.3	6.1	5.5	4.4	3.6	2.3
10.1	9.3	8.2	7.3	6.1	5.5	4.4	3.6	2.4
10.1	9.3	8.2	7.3	6.1	5.5	4.9	3.5	2.1
10.1	9.3	8.2	7.3	6.1	5.5	4.9	3.5	2.4
10.1	9.3	8.2	7.3	6.12	5.12	4.2	3.1	2.1
10.1	9.3	8.2	7.3	6.12	5.12	4.2	3.1	2.3
10.1	9.3	8.2	7.3	6.12	5.12	4.6	3.1	2.1
10.1	9.3	8.2	7.3	6.12	5.12	4.6	3.1	2.3
10.1	9.3	8.2	7.3	6.12	5.5	4.2	3.1	2.1
10.1	9.3	8.2	7.3	6.12	5.5	4.2	3.1	2.3
10.1	9.3	8.2	7.3	6.12	5.5	4.4	3.1	2.1
10.1	9.3	8.2	7.3	6.12	5.5	4.4	3.1	2.3
10.1	9.3	8.2	7.3	6.12	5.5	4.4	3.5	2.1
10.1	9.3	8.2	7.3	6.12	5.5	4.4	3.5	2.4
10.1	9.3	8.2	7.3	6.12	5.5	4.4	3.6	2.3
10.1	9.3	8.2	7.3	6.12	5.5	4.4	3.6	2.4
10.1	9.3	8.2	7.3	6.12	5.5	4.9	3.5	2.1
10.1	9.3	8.2	7.3	6.12	5.5	4.9	3.5	2.4
10.1	9.3	8.2	7.3	6.12	5.9	4.12	3.6	2.3
10.1	9.3	8.2	7.3	6.12	5.9	4.12	3.6	2.4
10.1	9.3	8.2	7.3	6.12	5.9	4.4	3.1	2.1
10.1	9.3	8.2	7.3	6.12	5.9	4.4	3.1	2.3
10.1	9.3	8.2	7.3	6.12	5.9	4.4	3.5	2.1
10.1	9.3	8.2	7.3	6.12	5.9	4.4	3.5	2.4
10.1	9.3	8.2	7.3	6.12	5.9	4.4	3.6	2.3
10.1	9.3	8.2	7.3	6.12	5.9	4.4	3.6	2.4
10.1	9.3	8.2	7.3	6.12	5.9	4.6	3.1	2.1
10.1	9.3	8.2	7.3	6.12	5.9	4.6	3.1	2.3
10.1	9.3	8.2	7.3	6.4	5.14	4.12	3.6	2.3
10.1	9.3	8.2	7.3	6.4	5.14	4.12	3.6	2.4
10.1	9.3	8.2	7.3	6.4	5.14	4.13	3.4	2.3
10.1	9.3	8.2	7.3	6.4	5.14	4.13	3.4	2.5
10.1	9.3	8.2	7.3	6.4	5.14	4.13	3.6	2.3
10.1	9.3	8.2	7.3	6.4	5.14	4.13	3.6	2.4
10.1	9.3	8.2	7.3	6.4	5.2	4.1	3.1	2.1
10.1	9.3	8.2	7.3	6.4	5.2	4.1	3.1	2.3
10.1	9.3	8.2	7.3	6.4	5.2	4.1	3.4	2.3
10.1	9.3	8.2	7.3	6.4	5.2	4.1	3.4	2.5
10.1	9.3	8.2	7.3	6.4	5.2	4.13	3.4	2.3
10.1	9.3	8.2	7.3	6.4	5.2	4.13	3.4	2.5
10.1	9.3	8.2	7.3	6.4	5.2	4.13	3.6	2.3
10.1	9.3	8.2	7.3	6.4	5.2	4.13	3.6	2.4
10.1	9.3	8.2	7.3	6.4	5.2	4.4	3.1	2.1
10.1	9.3	8.2	7.3	6.4	5.2	4.4	3.1	2.3
10.1	9.3	8.2	7.3	6.4	5.2	4.4	3.5	2.1
10.1	9.3	8.2	7.3	6.4	5.2	4.4	3.5	2.4
10.1	9.3	8.2	7.3	6.4	5.2	4.4	3.6	2.3
10.1	9.3	8.2	7.3	6.4	5.2	4.4	3.6	2.4
10.1	9.3	8.2	7.3	6.4	5.7	4.1	3.1	2.1
10.1	9.3	8.2	7.3	6.4	5.7	4.1	3.1	2.3
10.1	9.3	8.2	7.3	6.4	5.7	4.1	3.4	2.3
10.1	9.3	8.2	7.3	6.4	5.7	4.1	3.4	2.5
10.1	9.3	8.2	7.3	6.4	5.7	4.6	3.1	2.1
10.1	9.3	8.2	7.3	6.4	5.7	4.6	3.1	2.3
10.1	9.3	8.2	7.3	6.4	5.9	4.12	3.6	2.3
10.1	9.3	8.2	7.3	6.4	5.9	4.12	3.6	2.4
10.1	9.3	8.2	7.3	6.4	5.9	4.4	3.1	2.1
10.1	9.3	8.2	7.3	6.4	5.9	4.4	3.1	2.3
10.1	9.3	8.2	7.3	6.4	5.9	4.4	3.5	2.1
10.1	9.3	8.2	7.3	6.4	5.9	4.4	3.5	2.4
10.1	9.3	8.2	7.3	6.4	5.9	4.4	3.6	2.3
10.1	9.3	8.2	7.3	6.4	5.9	4.4	3.6	2.4
10.1	9.3	8.2	7.3	6.4	5.9	4.6	3.1	2.1
10.1	9.3	8.2	7.3	6.4	5.9	4.6	3.1	2.3
10.1	9.3	8.2	7.3	6.6	5.1	4.1	3.1	2.1
10.1	9.3	8.2	7.3	6.6	5.1	4.1	3.1	2.3
10.1	9.3	8.2	7.3	6.6	5.1	4.1	3.4	2.3
10.1	9.3	8.2	7.3	6.6	5.1	4.1	3.4	2.5
10.1	9.3	8.2	7.3	6.6	5.1	4.2	3.1	2.1
10.1	9.3	8.2	7.3	6.6	5.1	4.2	3.1	2.3
10.1	9.3	8.2	7.3	6.6	5.12	4.2	3.1	2.1
10.1	9.3	8.2	7.3	6.6	5.12	4.2	3.1	2.3
10.1	9.3	8.2	7.3	6.6	5.12	4.6	3.1	2.1
10.1	9.3	8.2	7.3	6.6	5.12	4.6	3.1	2.3
10.1	9.3	8.2	7.3	6.6	5.7	4.1	3.1	2.1
10.1	9.3	8.2	7.3	6.6	5.7	4.1	3.1	2.3
10.1	9.3	8.2	7.3	6.6	5.7	4.1	3.4	2.3
10.1	9.3	8.2	7.3	6.6	5.7	4.1	3.4	2.5
10.1	9.3	8.2	7.3	6.6	5.7	4.6	3.1	2.1
10.1	9.3	8.2	7.3	6.6	5.7	4.6	3.1	2.3
10.1	9.3	8.2	7.9	6.1	5.1	4.1	3.1	2.1
10.1	9.3	8.2	7.9	6.1	5.1	4.1	3.1	2.3
10.1	9.3	8.2	7.9	6.1	5.1	4.1	3.4	2.3
10.1	9.3	8.2	7.9	6.1	5.1	4.1	3.4	2.5
10.1	9.3	8.2	7.9	6.1	5.1	4.2	3.1	2.1
10.1	9.3	8.2	7.9	6.1	5.1	4.2	3.1	2.3
10.1	9.3	8.2	7.9	6.1	5.11	4.13	3.4	2.3
10.1	9.3	8.2	7.9	6.1	5.11	4.13	3.4	2.5
10.1	9.3	8.2	7.9	6.1	5.11	4.13	3.6	2.3
10.1	9.3	8.2	7.9	6.1	5.11	4.13	3.6	2.4
10.1	9.3	8.2	7.9	6.1	5.2	4.1	3.1	2.1
10.1	9.3	8.2	7.9	6.1	5.2	4.1	3.1	2.3
10.1	9.3	8.2	7.9	6.1	5.2	4.1	3.4	2.3
10.1	9.3	8.2	7.9	6.1	5.2	4.1	3.4	2.5
10.1	9.3	8.2	7.9	6.1	5.2	4.13	3.4	2.3
10.1	9.3	8.2	7.9	6.1	5.2	4.13	3.4	2.5
10.1	9.3	8.2	7.9	6.1	5.2	4.13	3.6	2.3
10.1	9.3	8.2	7.9	6.1	5.2	4.13	3.6	2.4
10.1	9.3	8.2	7.9	6.1	5.2	4.4	3.1	2.1
10.1	9.3	8.2	7.9	6.1	5.2	4.4	3.1	2.3
10.1	9.3	8.2	7.9	6.1	5.2	4.4	3.5	2.1
10.1	9.3	8.2	7.9	6.1	5.2	4.4	3.5	2.4
10.1	9.3	8.2	7.9	6.1	5.2	4.4	3.6	2.3
10.1	9.3	8.2	7.9	6.1	5.2	4.4	3.6	2.4
10.1	9.3	8.2	7.9	6.1	5.5	4.2	3.1	2.1
10.1	9.3	8.2	7.9	6.1	5.5	4.2	3.1	2.3
10.1	9.3	8.2	7.9	6.1	5.5	4.4	3.1	2.1
10.1	9.3	8.2	7.9	6.1	5.5	4.4	3.1	2.3
10.1	9.3	8.2	7.9	6.1	5.5	4.4	3.5	2.1
10.1	9.3	8.2	7.9	6.1	5.5	4.4	3.5	2.4
10.1	9.3	8.2	7.9	6.1	5.5	4.4	3.6	2.3
10.1	9.3	8.2	7.9	6.1	5.5	4.4	3.6	2.4
10.1	9.3	8.2	7.9	6.1	5.5	4.9	3.5	2.1
10.1	9.3	8.2	7.9	6.1	5.5	4.9	3.5	2.4
10.1	9.3	8.5	7.9	6.1	5.1	4.1	3.1	2.1
10.1	9.3	8.5	7.9	6.1	5.1	4.1	3.1	2.3
10.1	9.3	8.5	7.9	6.1	5.1	4.1	3.4	2.3
10.1	9.3	8.5	7.9	6.1	5.1	4.1	3.4	2.5
10.1	9.3	8.5	7.9	6.1	5.1	4.2	3.1	2.1
10.1	9.3	8.5	7.9	6.1	5.1	4.2	3.1	2.3
10.1	9.3	8.5	7.9	6.1	5.11	4.13	3.4	2.3
10.1	9.3	8.5	7.9	6.1	5.11	4.13	3.4	2.5
10.1	9.3	8.5	7.9	6.1	5.11	4.13	3.6	2.3
10.1	9.3	8.5	7.9	6.1	5.11	4.13	3.6	2.4
10.1	9.3	8.5	7.9	6.1	5.2	4.1	3.1	2.1
10.1	9.3	8.5	7.9	6.1	5.2	4.1	3.1	2.3
10.1	9.3	8.5	7.9	6.1	5.2	4.1	3.4	2.3
10.1	9.3	8.5	7.9	6.1	5.2	4.1	3.4	2.5
10.1	9.3	8.5	7.9	6.1	5.2	4.13	3.4	2.3
10.1	9.3	8.5	7.9	6.1	5.2	4.13	3.4	2.5
10.1	9.3	8.5	7.9	6.1	5.2	4.13	3.6	2.3
10.1	9.3	8.5	7.9	6.1	5.2	4.13	3.6	2.4
10.1	9.3	8.5	7.9	6.1	5.2	4.4	3.1	2.1
10.1	9.3	8.5	7.9	6.1	5.2	4.4	3.1	2.3
10.1	9.3	8.5	7.9	6.1	5.2	4.4	3.5	2.1
10.1	9.3	8.5	7.9	6.1	5.2	4.4	3.5	2.4
10.1	9.3	8.5	7.9	6.1	5.2	4.4	3.6	2.3
10.1	9.3	8.5	7.9	6.1	5.2	4.4	3.6	2.4
10.1	9.3	8.5	7.9	6.1	5.5	4.2	3.1	2.1
10.1	9.3	8.5	7.9	6.1	5.5	4.2	3.1	2.3
10.1	9.3	8.5	7.9	6.1	5.5	4.4	3.1	2.1
10.1	9.3	8.5	7.9	6.1	5.5	4.4	3.1	2.3
10.1	9.3	8.5	7.9	6.1	5.5	4.4	3.5	2.1
10.1	9.3	8.5	7.9	6.1	5.5	4.4	3.5	2.4
10.1	9.3	8.5	7.9	6.1	5.5	4.4	3.6	2.3
10.1	9.3	8.5	7.9	6.1	5.5	4.4	3.6	2.4
10.1	9.3	8.5	7.9	6.1	5.5	4.9	3.5	2.1
10.1	9.3	8.5	7.9	6.1	5.5	4.9	3.5	2.4
