9.3	8.2	7.13	6.15	5.15	4.8	3.2	2.2
9.3	8.2	7.13	6.15	5.15	4.8	3.2	2.5
9.3	8.2	7.13	6.15	5.17	4.11	3.3	2.2
9.3	8.2	7.13	6.15	5.17	4.5	3.2	2.2
9.3	8.2	7.13	6.15	5.17	4.5	3.2	2.5
9.3	8.2	7.13	6.15	5.17	4.5	3.3	2.2
9.3	8.2	7.13	6.15	5.17	4.8	3.2	2.2
9.3	8.2	7.13	6.15	5.17	4.8	3.2	2.5
9.3	8.2	7.3	6.12	5.12	4.2	3.1	2.1
9.3	8.2	7.3	6.12	5.12	4.2	3.1	2.3
9.3	8.2	7.3	6.12	5.12	4.6	3.1	2.1
9.3	8.2	7.3	6.12	5.12	4.6	3.1	2.3
9.3	8.2	7.3	6.12	5.5	4.2	3.1	2.1
9.3	8.2	7.3	6.12	5.5	4.2	3.1	2.3
9.3	8.2	7.3	6.12	5.5	4.4	3.1	2.1
9.3	8.2	7.3	6.12	5.5	4.4	3.1	2.3
9.3	8.2	7.3	6.12	5.5	4.4	3.5	2.1
9.3	8.2	7.3	6.12	5.5	4.4	3.5	2.4
9.3	8.2	7.3	6.12	5.5	4.4	3.6	2.3
9.3	8.2	7.3	6.12	5.5	4.4	3.6	2.4
9.3	8.2	7.3	6.12	5.5	4.9	3.5	2.1
9.3	8.2	7.3	6.12	5.5	4.9	3.5	2.4
9.3	8.2	7.3	6.12	5.9	4.12	3.6	2.3
9.3	8.2	7.3	6.12	5.9	4.12	3.6	2.4
9.3	8.2	7.3	6.12	5.9	4.4	3.1	2.1
9.3	8.2	7.3	6.12	5.9	4.4	3.1	2.3
9.3	8.2	7.3	6.12	5.9	4.4	3.5	2.1
9.3	8.2	7.3	6.12	5.9	4.4	3.5	2.4
9.3	8.2	7.3	6.12	5.9	4.4	3.6	2.3
9.3	8.2	7.3	6.12	5.9	4.4	3.6	2.4
9.3	8.2	7.3	6.12	5.9	4.6	3.1	2.1
9.3	8.2	7.3	6.12	5.9	4.6	3.1	2.3
9.3	8.2	7.3	6.4	5.14	4.12	3.6	2.3
9.3	8.2	7.3	6.4	5.14	4.12	3.6	2.4
9.3	8.2	7.3	6.4	5.14	4.13	3.4	2.3
9.3	8.2	7.3	6.4	5.14	4.13	3.4	2.5
9.3	8.2	7.3	6.4	5.14	4.13	3.6	2.3
9.3	8.2	7.3	6.4	5.14	4.13	3.6	2.4
9.3	8.2	7.3	6.4	5.2	4.13	3.4	2.3
9.3	8.2	7.3	6.4	5.2	4.13	3.4	2.5
9.3	8.2	7.3	6.4	5.2	4.13	3.6	2.3
9.3	8.2	7.3	6.4	5.2	4.13	3.6	2.4
9.3	8.2	7.3	6.4	5.2	4.4	3.1	2.1
9.3	8.2	7.3	6.4	5.2	4.4	3.1	2.3
9.3	8.2	7.3	6.4	5.2	4.4	3.5	2.1
9.3	8.2	7.3	6.4	5.2	4.4	3.5	2.4
9.3	8.2	7.3	6.4	5.2	4.4	3.6	2.3
9.3	8.2	7.3	6.4	5.2	4.4	3.6	2.4
9.3	8.2	7.3	6.4	5.7	4.6	3.1	2.1
9.3	8.2	7.3	6.4	5.7	4.6	3.1	2.3
9.3	8.2	7.3	6.4	5.9	4.12	3.6	2.3
9.3	8.2	7.3	6.4	5.9	4.12	3.6	2.4
9.3	8.2	7.3	6.4	5.9	4.4	3.1	2.1
9.3	8.2	7.3	6.4	5.9	4.4	3.1	2.3
9.3	8.2	7.3	6.4	5.9	4.4	3.5	2.1
9.3	8.2	7.3	6.4	5.9	4.4	3.5	2.4
9.3	8.2	7.3	6.4	5.9	4.4	3.6	2.3
9.3	8.2	7.3	6.4	5.9	4.4	3.6	2.4
9.3	8.2	7.3	6.4	5.9	4.6	3.1	2.1
9.3	8.2	7.3	6.4	5.9	4.6	3.1	2.3
9.3	8.2	7.3	6.6	5.12	4.2	3.1	2.1
9.3	8.2	7.3	6.6	5.12	4.2	3.1	2.3
9.3	8.2	7.3	6.6	5.12	4.6	3.1	2.1
9.3	8.2	7.3	6.6	5.12	4.6	3.1	2.3
9.3	8.2	7.3	6.6	5.7	4.6	3.1	2.1
9.3	8.2	7.3	6.6	5.7	4.6	3.1	2.3
9.3	8.2	7.6	6.13	5.13	4.1	3.3	2.2
9.3	8.2	7.6	6.13	5.13	4.5	3.2	2.2
9.3	8.2	7.6	6.13	5.13	4.5	3.2	2.5
9.3	8.2	7.6	6.13	5.13	4.5	3.3	2.2
9.3	8.2	7.6	6.13	5.7	4.6	3.1	2.1
9.3	8.2	7.6	6.13	5.7	4.6	3.1	2.3
9.3	8.2	7.6	6.16	5.13	4.1	3.3	2.2
9.3	8.2	7.6	6.16	5.13	4.5	3.2	2.2
9.3	8.2	7.6	6.16	5.13	4.5	3.2	2.5
9.3	8.2	7.6	6.16	5.13	4.5	3.3	2.2
9.3	8.2	7.6	6.16	5.17	4.11	3.3	2.2
9.3	8.2	7.6	6.16	5.17	4.5	3.2	2.2
9.3	8.2	7.6	6.16	5.17	4.5	3.2	2.5
9.3	8.2	7.6	6.16	5.17	4.5	3.3	2.2
9.3	8.2	7.6	6.16	5.17	4.8	3.2	2.2
9.3	8.2	7.6	6.16	5.17	4.8	3.2	2.5
9.3	8.2	7.6	6.6	5.12	4.2	3.1	2.1
9.3	8.2	7.6	6.6	5.12	4.2	3.1	2.3
9.3	8.2	7.6	6.6	5.12	4.6	3.1	2.1
9.3	8.2	7.6	6.6	5.12	4.6	3.1	2.3
9.3	8.2	7.6	6.6	5.7	4.6	3.1	2.1
9.3	8.2	7.6	6.6	5.7	4.6	3.1	2.3
9.3	8.2	7.7	6.13	5.13	4.1	3.3	2.2
9.3	8.2	7.7	6.13	5.13	4.5	3.2	2.2
9.3	8.2	7.7	6.13	5.13	4.5	3.2	2.5
9.3	8.2	7.7	6.13	5.13	4.5	3.3	2.2
9.3	8.2	7.7	6.13	5.7	4.6	3.1	2.1
9.3	8.2	7.7	6.13	5.7	4.6	3.1	2.3
9.3	8.2	7.7	6.14	5.13	4.1	3.3	2.2
9.3	8.2	7.7	6.14	5.13	4.5	3.2	2.2
9.3	8.2	7.7	6.14	5.13	4.5	3.2	2.5
9.3	8.2	7.7	6.14	5.13	4.5	3.3	2.2
9.3	8.2	7.7	6.14	5.2	4.13	3.4	2.3
9.3	8.2	7.7	6.14	5.2	4.13	3.4	2.5
9.3	8.2	7.7	6.14	5.2	4.13	3.6	2.3
9.3	8.2	7.7	6.14	5.2	4.13	3.6	2.4
9.3	8.2	7.7	6.14	5.2	4.4	3.1	2.1
9.3	8.2	7.7	6.14	5.2	4.4	3.1	2.3
9.3	8.2	7.7	6.14	5.2	4.4	3.5	2.1
9.3	8.2	7.7	6.14	5.2	4.4	3.5	2.4
9.3	8.2	7.7	6.14	5.2	4.4	3.6	2.3
9.3	8.2	7.7	6.14	5.2	4.4	3.6	2.4
9.3	8.2	7.7	6.4	5.14	4.12	3.6	2.3
9.3	8.2	7.7	6.4	5.14	4.12	3.6	2.4
9.3	8.2	7.7	6.4	5.14	4.13	3.4	2.3
9.3	8.2	7.7	6.4	5.14	4.13	3.4	2.5
9.3	8.2	7.7	6.4	5.14	4.13	3.6	2.3
9.3	8.2	7.7	6.4	5.14	4.13	3.6	2.4
9.3	8.2	7.7	6.4	5.2	4.13	3.4	2.3
9.3	8.2	7.7	6.4	5.2	4.13	3.4	2.5
9.3	8.2	7.7	6.4	5.2	4.13	3.6	2.3
9.3	8.2	7.7	6.4	5.2	4.13	3.6	2.4
9.3	8.2	7.7	6.4	5.2	4.4	3.1	2.1
9.3	8.2	7.7	6.4	5.2	4.4	3.1	2.3
9.3	8.2	7.7	6.4	5.2	4.4	3.5	2.1
9.3	8.2	7.7	6.4	5.2	4.4	3.5	2.4
9.3	8.2	7.7	6.4	5.2	4.4	3.6	2.3
9.3	8.2	7.7	6.4	5.2	4.4	3.6	2.4
9.3	8.2	7.7	6.4	5.7	4.6	3.1	2.1
9.3	8.2	7.7	6.4	5.7	4.6	3.1	2.3
9.3	8.2	7.7	6.4	5.9	4.12	3.6	2.3
9.3	8.2	7.7	6.4	5.9	4.12	3.6	2.4
9.3	8.2	7.7	6.4	5.9	4.4	3.1	2.1
9.3	8.2	7.7	6.4	5.9	4.4	3.1	2.3
9.3	8.2	7.7	6.4	5.9	4.4	3.5	2.1
9.3	8.2	7.7	6.4	5.9	4.4	3.5	2.4
9.3	8.2	7.7	6.4	5.9	4.4	3.6	2.3
9.3	8.2	7.7	6.4	5.9	4.4	3.6	2.4
9.3	8.2	7.7	6.4	5.9	4.6	3.1	2.1
9.3	8.2	7.7	6.4	5.9	4.6	3.1	2.3
9.3	8.2	7.9	6.14	5.13	4.1	3.3	2.2
9.3	8.2	7.9	6.14	5.13	4.5	3.2	2.2
9.3	8.2	7.9	6.14	5.13	4.5	3.2	2.5
9.3	8.2	7.9	6.14	5.13	4.5	3.3	2.2
9.3	8.2	7.9	6.14	5.2	4.13	3.4	2.3
9.3	8.2	7.9	6.14	5.2	4.13	3.4	2.5
9.3	8.2	7.9	6.14	5.2	4.13	3.6	2.3
9.3	8.2	7.9	6.14	5.2	4.13	3.6	2.4
9.3	8.2	7.9	6.14	5.2	4.4	3.1	2.1
9.3	8.2	7.9	6.14	5.2	4.4	3.1	2.3
9.3	8.2	7.9	6.14	5.2	4.4	3.5	2.1
9.3	8.2	7.9	6.14	5.2	4.4	3.5	2.4
9.3	8.2	7.9	6.14	5.2	4.4	3.6	2.3
9.3	8.2	7.9	6.14	5.2	4.4	3.6	2.4
9.3	8.2	7.9	6.15	5.15	4.8	3.2	2.2
9.3	8.2	7.9	6.15	5.15	4.8	3.2	2.5
9.3	8.2	7.9	6.15	5.17	4.11	3.3	2.2
9.3	8.2	7.9	6.15	5.17	4.5	3.2	2.2
9.3	8.2	7.9	6.15	5.17	4.5	3.2	2.5
9.3	8.2	7.9	6.15	5.17	4.5	3.3	2.2
9.3	8.2	7.9	6.15	5.17	4.8	3.2	2.2
9.3	8.2	7.9	6.15	5.17	4.8	3.2	2.5
9.3	8.2	7.9	6.16	5.13	4.1	3.3	2.2
9.3	8.2	7.9	6.16	5.13	4.5	3.2	2.2
9.3	8.2	7.9	6.16	5.13	4.5	3.2	2.5
9.3	8.2	7.9	6.16	5.13	4.5	3.3	2.2
9.3	8.2	7.9	6.16	5.17	4.11	3.3	2.2
9.3	8.2	7.9	6.16	5.17	4.5	3.2	2.2
9.3	8.2	7.9	6.16	5.17	4.5	3.2	2.5
9.3	8.2	7.9	6.16	5.17	4.5	3.3	2.2
9.3	8.2	7.9	6.16	5.17	4.8	3.2	2.2
9.3	8.2	7.9	6.16	5.17	4.8	3.2	2.5
9.3	8.5	7.1	6.14	5.13	4.1	3.3	2.2
9.3	8.5	7.1	6.14	5.13	4.5	3.2	2.2
9.3	8.5	7.1	6.14	5.13	4.5	3.2	2.5
9.3	8.5	7.1	6.14	5.13	4.5	3.3	2.2
9.3	8.5	7.1	6.14	5.2	4.13	3.4	2.3
9.3	8.5	7.1	6.14	5.2	4.13	3.4	2.5
9.3	8.5	7.1	6.14	5.2	4.13	3.6	2.3
9.3	8.5	7.1	6.14	5.2	4.13	3.6	2.4
9.3	8.5	7.1	6.14	5.2	4.4	3.1	2.1
9.3	8.5	7.1	6.14	5.2	4.4	3.1	2.3
9.3	8.5	7.1	6.14	5.2	4.4	3.5	2.1
9.3	8.5	7.1	6.14	5.2	4.4	3.5	2.4
9.3	8.5	7.1	6.14	5.2	4.4	3.6	2.3
9.3	8.5	7.1	6.14	5.2	4.4	3.6	2.4
9.3	8.5	7.1	6.18	5.2	4.13	3.4	2.3
9.3	8.5	7.1	6.18	5.2	4.13	3.4	2.5
9.3	8.5	7.1	6.18	5.2	4.13	3.6	2.3
9.3	8.5	7.1	6.18	5.2	4.13	3.6	2.4
9.3	8.5	7.1	6.18	5.2	4.4	3.1	2.1
9.3	8.5	7.1	6.18	5.2	4.4	3.1	2.3
9.3	8.5	7.1	6.18	5.2	4.4	3.5	2.1
9.3	8.5	7.1	6.18	5.2	4.4	3.5	2.4
9.3	8.5	7.1	6.18	5.2	4.4	3.6	2.3
9.3	8.5	7.1	6.18	5.2	4.4	3.6	2.4
9.3	8.5	7.14	6.16	5.13	4.1	3.3	2.2
9.3	8.5	7.14	6.16	5.13	4.5	3.2	2.2
9.3	8.5	7.14	6.16	5.13	4.5	3.2	2.5
9.3	8.5	7.14	6.16	5.13	4.5	3.3	2.2
9.3	8.5	7.14	6.16	5.17	4.11	3.3	2.2
9.3	8.5	7.14	6.16	5.17	4.5	3.2	2.2
9.3	8.5	7.14	6.16	5.17	4.5	3.2	2.5
9.3	8.5	7.14	6.16	5.17	4.5	3.3	2.2
9.3	8.5	7.14	6.16	5.17	4.8	3.2	2.2
9.3	8.5	7.14	6.16	5.17	4.8	3.2	2.5
9.3	8.5	7.9	6.14	5.13	4.1	3.3	2.2
9.3	8.5	7.9	6.14	5.13	4.5	3.2	2.2
9.3	8.5	7.9	6.14	5.13	4.5	3.2	2.5
9.3	8.5	7.9	6.14	5.13	4.5	3.3	2.2
9.3	8.5	7.9	6.14	5.2	4.13	3.4	2.3
9.3	8.5	7.9	6.14	5.2	4.13	3.4	2.5
9.3	8.5	7.9	6.14	5.2	4.13	3.6	2.3
9.3	8.5	7.9	6.14	5.2	4.13	3.6	2.4
9.3	8.5	7.9	6.14	5.2	4.4	3.1	2.1
9.3	8.5	7.9	6.14	5.2	4.4	3.1	2.3
9.3	8.5	7.9	6.14	5.2	4.4	3.5	2.1
9.3	8.5	7.9	6.14	5.2	4.4	3.5	2.4
9.3	8.5	7.9	6.14	5.2	4.4	3.6	2.3
9.3	8.5	7.9	6.14	5.2	4.4	3.6	2.4
9.3	8.5	7.9	6.15	5.15	4.8	3.2	2.2
9.3	8.5	7.9	6.15	5.15	4.8	3.2	2.5
9.3	8.5	7.9	6.15	5.17	4.11	3.3	2.2
9.3	8.5	7.9	6.15	5.17	4.5	3.2	2.2
9.3	8.5	7.9	6.15	5.17	4.5	3.2	2.5
9.3	8.5	7.9	6.15	5.17	4.5	3.3	2.2
9.3	8.5	7.9	6.15	5.17	4.8	3.2	2.2
9.3	8.5	7.9	6.15	5.17	4.8	3.2	2.5
9.3	8.5	7.9	6.16	5.13	4.1	3.3	2.2
9.3	8.5	7.9	6.16	5.13	4.5	3.2	2.2
9.3	8.5	7.9	6.16	5.13	4.5	3.2	2.5
9.3	8.5	7.9	6.16	5.13	4.5	3.3	2.2
9.3	8.5	7.9	6.16	5.17	4.11	3.3	2.2
9.3	8.5	7.9	6.16	5.17	4.5	3.2	2.2
9.3	8.5	7.9	6.16	5.17	4.5	3.2	2.5
9.3	8.5	7.9	6.16	5.17	4.5	3.3	2.2
9.3	8.5	7.9	6.16	5.17	4.8	3.2	2.2
9.3	8.5	7.9	6.16	5.17	4.8	3.2	2.5
9.3	8.8	7.14	6.16	5.13	4.1	3.3	2.2
9.3	8.8	7.14	6.16	5.13	4.5	3.2	2.2
9.3	8.8	7.14	6.16	5.13	4.5	3.2	2.5
9.3	8.8	7.14	6.16	5.13	4.5	3.3	2.2
9.3	8.8	7.14	6.16	5.17	4.11	3.3	2.2
9.3	8.8	7.14	6.16	5.17	4.5	3.2	2.2
9.3	8.8	7.14	6.16	5.17	4.5	3.2	2.5
9.3	8.8	7.14	6.16	5.17	4.5	3.3	2.2
9.3	8.8	7.14	6.16	5.17	4.8	3.2	2.2
9.3	8.8	7.14	6.16	5.17	4.8	3.2	2.5
9.3	8.8	7.6	6.13	5.13	4.1	3.3	2.2
9.3	8.8	7.6	6.13	5.13	4.5	3.2	2.2
9.3	8.8	7.6	6.13	5.13	4.5	3.2	2.5
9.3	8.8	7.6	6.13	5.13	4.5	3.3	2.2
9.3	8.8	7.6	6.13	5.7	4.6	3.1	2.1
9.3	8.8	7.6	6.13	5.7	4.6	3.1	2.3
9.3	8.8	7.6	6.16	5.13	4.1	3.3	2.2
9.3	8.8	7.6	6.16	5.13	4.5	3.2	2.2
9.3	8.8	7.6	6.16	5.13	4.5	3.2	2.5
9.3	8.8	7.6	6.16	5.13	4.5	3.3	2.2
9.3	8.8	7.6	6.16	5.17	4.11	3.3	2.2
9.3	8.8	7.6	6.16	5.17	4.5	3.2	2.2
9.3	8.8	7.6	6.16	5.17	4.5	3.2	2.5
9.3	8.8	7.6	6.16	5.17	4.5	3.3	2.2
9.3	8.8	7.6	6.16	5.17	4.8	3.2	2.2
9.3	8.8	7.6	6.16	5.17	4.8	3.2	2.5
9.3	8.8	7.6	6.6	5.12	4.2	3.1	2.1
9.3	8.8	7.6	6.6	5.12	4.2	3.1	2.3
9.3	8.8	7.6	6.6	5.12	4.6	3.1	2.1
9.3	8.8	7.6	6.6	5.12	4.6	3.1	2.3
9.3	8.8	7.6	6.6	5.7	4.6	3.1	2.1
9.3	8.8	7.6	6.6	5.7	4.6	3.1	2.3
